FIPS,HR_UID,nameid,province,region,analysisTime,dates,pointprevalence_025,pointprevalence_50,pointprevalence_975,pointinfections_025,pointinfections_50,pointinfections_975,pointinfectious_025,pointinfectious_50,pointinfectious_975,pointinfectiousprevalence_05,pointinfectiousprevalence_50,pointinfectiousprevalence_95,infectrate_025,infectrate_50,infectrate_975
<<<<<<< HEAD
29115,0,USMissouriLinn,Missouri,Linn,2021-08-07 12:26:13.988007,2020-03-09 00:00:00.000000,0.00350768,0.01538365,0.07113161,0,1,8,0,1,6,0.00181840,0.00858265,0.05056009,0.33512061,0.45273876,0.59625647
29115,0,USMissouriLinn,Missouri,Linn,2021-08-07 12:26:13.988007,2020-03-10 00:00:00.000000,0.00385372,0.01566317,0.07435061,0,1,8,0,1,6,0.00213655,0.00982459,0.05305268,0.33495855,0.45267993,0.59609968
29115,0,USMissouriLinn,Missouri,Linn,2021-08-07 12:26:13.988007,2020-03-11 00:00:00.000000,0.00420801,0.01638171,0.07723615,0,1,9,0,1,6,0.00249324,0.01089728,0.05570469,0.33469857,0.45254571,0.59568988
29115,0,USMissouriLinn,Missouri,Linn,2021-08-07 12:26:13.988007,2020-03-12 00:00:00.000000,0.00459958,0.01841196,0.08040320,0,2,9,0,1,6,0.00286825,0.01210535,0.05844072,0.33428174,0.45223859,0.59461619
29115,0,USMissouriLinn,Missouri,Linn,2021-08-07 12:26:13.988007,2020-03-13 00:00:00.000000,0.00502899,0.02013478,0.08378205,0,2,9,0,1,7,0.00326941,0.01361719,0.06126277,0.33361452,0.45153706,0.59181827
29115,0,USMissouriLinn,Missouri,Linn,2021-08-07 12:26:13.988007,2020-03-14 00:00:00.000000,0.00549959,0.02206151,0.08728729,0,2,10,0,1,7,0.00370480,0.01515717,0.06415739,0.33259042,0.44995115,0.58468443
29115,0,USMissouriLinn,Missouri,Linn,2021-08-07 12:26:13.988007,2020-03-15 00:00:00.000000,0.00601481,0.02414575,0.09077668,0,2,10,0,2,7,0.00418147,0.01700978,0.06708058,0.33014648,0.44818722,0.58075515
29115,0,USMissouriLinn,Missouri,Linn,2021-08-07 12:26:13.988007,2020-03-16 00:00:00.000000,0.00657827,0.02721716,0.09404593,0,3,11,0,2,8,0.00469484,0.01881628,0.06993879,0.32164219,0.44107838,0.58053235
29115,0,USMissouriLinn,Missouri,Linn,2021-08-07 12:26:13.988007,2020-03-17 00:00:00.000000,0.00719337,0.02991602,0.09690913,0,3,11,0,2,8,0.00513683,0.02101745,0.07258657,0.29581294,0.43473934,0.58006030
29115,0,USMissouriLinn,Missouri,Linn,2021-08-07 12:26:13.988007,2020-03-18 00:00:00.000000,0.00786198,0.03287113,0.10259052,0,3,12,0,2,9,0.00561875,0.02277962,0.07690126,0.27274527,0.42768263,0.57715100
29115,0,USMissouriLinn,Missouri,Linn,2021-08-07 12:26:13.988007,2020-03-19 00:00:00.000000,0.00857838,0.03572311,0.10889422,1,4,12,0,3,9,0.00614214,0.02518981,0.08277684,0.26153770,0.40936351,0.53989734
29115,0,USMissouriLinn,Missouri,Linn,2021-08-07 12:26:13.988007,2020-03-20 00:00:00.000000,0.00930306,0.03829370,0.11509584,1,4,13,0,3,10,0.00670220,0.02763690,0.08696750,0.25927534,0.38992491,0.53190729
29115,0,USMissouriLinn,Missouri,Linn,2021-08-07 12:26:13.988007,2020-03-21 00:00:00.000000,0.00992797,0.03985301,0.12274584,1,4,14,0,3,11,0.00726635,0.02900945,0.09312337,0.25386969,0.36310151,0.50457647
29115,0,USMissouriLinn,Missouri,Linn,2021-08-07 12:26:13.988007,2020-03-22 00:00:00.000000,0.01041446,0.04137353,0.12945416,1,4,15,0,3,11,0.00774565,0.03056091,0.09929904,0.24666189,0.33399155,0.48174407
29115,0,USMissouriLinn,Missouri,Linn,2021-08-07 12:26:13.988007,2020-03-23 00:00:00.000000,0.01949944,0.05474593,0.14660730,2,6,17,0,3,12,0.00810988,0.03201702,0.10461906,0.23566896,0.31258723,0.45800558
29115,0,USMissouriLinn,Missouri,Linn,2021-08-07 12:26:13.988007,2020-03-24 00:00:00.000000,0.02439147,0.06818851,0.15923561,2,8,18,1,5,14,0.01479242,0.04298210,0.11881492,0.21762993,0.29630682,0.43475661
29115,0,USMissouriLinn,Missouri,Linn,2021-08-07 12:26:13.988007,2020-03-25 00:00:00.000000,0.03131422,0.08136282,0.17684786,3,9,21,2,6,15,0.01803808,0.05417616,0.12977213,0.20814854,0.28889824,0.43305465
29115,0,USMissouriLinn,Missouri,Linn,2021-08-07 12:26:13.988007,2020-03-26 00:00:00.000000,0.03695349,0.09693356,0.19295641,4,11,23,2,7,17,0.02308921,0.06431902,0.14317696,0.20183769,0.28080315,0.43147662
29115,0,USMissouriLinn,Missouri,Linn,2021-08-07 12:26:13.988007,2020-03-27 00:00:00.000000,0.04468895,0.10821764,0.20790532,5,12,24,3,8,18,0.02863219,0.07318871,0.15604711,0.18780032,0.26660890,0.42851245
29115,0,USMissouriLinn,Missouri,Linn,2021-08-07 12:26:13.988007,2020-03-28 00:00:00.000000,0.05209495,0.11930908,0.22278652,6,14,26,3,9,20,0.03288834,0.08358581,0.16824414,0.17801706,0.25255144,0.41581086
29115,0,USMissouriLinn,Missouri,Linn,2021-08-07 12:26:13.988007,2020-03-29 00:00:00.000000,0.05532359,0.13256630,0.23874871,6,15,28,4,10,21,0.03912181,0.09212085,0.18040466,0.16406108,0.23551605,0.39725896
29115,0,USMissouriLinn,Missouri,Linn,2021-08-07 12:26:13.988007,2020-03-30 00:00:00.000000,0.06579027,0.14469978,0.24685406,7,17,29,5,12,22,0.04273392,0.10357071,0.19197471,0.14566359,0.22166722,0.35922217
29115,0,USMissouriLinn,Missouri,Linn,2021-08-07 12:26:13.988007,2020-03-31 00:00:00.000000,0.07290801,0.15329964,0.25631067,8,18,30,6,13,23,0.05205964,0.11394940,0.19857459,0.13814229,0.21137871,0.32153352
29115,0,USMissouriLinn,Missouri,Linn,2021-08-07 12:26:13.988007,2020-04-01 00:00:00.000000,0.08016853,0.16834818,0.27018018,9,20,32,6,14,24,0.05773302,0.12159975,0.20740714,0.13257447,0.19822258,0.30622386
29115,0,USMissouriLinn,Missouri,Linn,2021-08-07 12:26:13.988007,2020-04-02 00:00:00.000000,0.08743272,0.18013529,0.28270341,10,21,33,7,15,26,0.06261965,0.12792681,0.21831544,0.12966273,0.19114498,0.29086823
29115,0,USMissouriLinn,Missouri,Linn,2021-08-07 12:26:13.988007,2020-04-03 00:00:00.000000,0.08835277,0.19378451,0.29396271,10,23,35,7,16,27,0.06554717,0.14017536,0.22826704,0.12675454,0.17957826,0.27378628
29115,0,USMissouriLinn,Missouri,Linn,2021-08-07 12:26:13.988007,2020-04-04 00:00:00.000000,0.09222326,0.20663758,0.31718746,10,24,37,8,18,28,0.06838389,0.15225541,0.23728508,0.12447608,0.16873409,0.24335361
29115,0,USMissouriLinn,Missouri,Linn,2021-08-07 12:26:13.988007,2020-04-05 00:00:00.000000,0.09685743,0.20597904,0.33835607,11,24,40,8,19,29,0.07107296,0.16190588,0.24574937,0.12176230,0.16230724,0.23141943
29115,0,USMissouriLinn,Missouri,Linn,2021-08-07 12:26:13.988007,2020-04-06 00:00:00.000000,0.10686326,0.21414773,0.33068564,12,25,39,8,19,31,0.07371301,0.16143713,0.26238614,0.11948839,0.15654881,0.21993456
29115,0,USMissouriLinn,Missouri,Linn,2021-08-07 12:26:13.988007,2020-04-07 00:00:00.000000,0.11364203,0.22025777,0.33240013,13,26,39,9,19,31,0.07863096,0.16654642,0.26043718,0.10889908,0.15233477,0.21748083
29115,0,USMissouriLinn,Missouri,Linn,2021-08-07 12:26:13.988007,2020-04-08 00:00:00.000000,0.12028816,0.22125609,0.34190517,14,26,40,9,20,31,0.08380767,0.17066012,0.26559744,0.10310428,0.14819175,0.21326787
29115,0,USMissouriLinn,Missouri,Linn,2021-08-07 12:26:13.988007,2020-04-09 00:00:00.000000,0.12579149,0.22269798,0.35059330,14,26,41,10,20,32,0.08871487,0.17088515,0.27421534,0.10042037,0.14690181,0.19667482
29115,0,USMissouriLinn,Missouri,Linn,2021-08-07 12:26:13.988007,2020-04-10 00:00:00.000000,0.12978373,0.22344003,0.36688749,15,26,43,11,20,33,0.09323589,0.17343495,0.28389347,0.09416549,0.14304710,0.19208093
29115,0,USMissouriLinn,Missouri,Linn,2021-08-07 12:26:13.988007,2020-04-11 00:00:00.000000,0.13431605,0.22866915,0.38869025,16,27,46,11,20,35,0.09838781,0.17540900,0.29468455,0.09004736,0.13622567,0.18769989
29115,0,USMissouriLinn,Missouri,Linn,2021-08-07 12:26:13.988007,2020-04-12 00:00:00.000000,0.14016105,0.23242283,0.40709831,16,27,48,12,21,37,0.10326082,0.17927015,0.31235776,0.08600797,0.13200317,0.18369233
29115,0,USMissouriLinn,Missouri,Linn,2021-08-07 12:26:13.988007,2020-04-13 00:00:00.000000,0.13449317,0.22570889,0.38988737,16,26,46,12,21,39,0.10699401,0.18210234,0.32870072,0.08176408,0.12923053,0.18062415
29115,0,USMissouriLinn,Missouri,Linn,2021-08-07 12:26:13.988007,2020-04-14 00:00:00.000000,0.12638373,0.21810708,0.37191031,15,25,44,12,21,37,0.10244028,0.17756860,0.31417056,0.08014374,0.12645630,0.17882328
29115,0,USMissouriLinn,Missouri,Linn,2021-08-07 12:26:13.988007,2020-04-15 00:00:00.000000,0.11691122,0.20829744,0.35199442,13,24,41,11,20,35,0.09497738,0.17052177,0.29846562,0.07830822,0.12514423,0.17814968
29115,0,USMissouriLinn,Missouri,Linn,2021-08-07 12:26:13.988007,2020-04-16 00:00:00.000000,0.10814377,0.19797970,0.33445654,12,23,39,10,19,33,0.08801100,0.16446469,0.28407118,0.07599497,0.12165855,0.17677350
29115,0,USMissouriLinn,Missouri,Linn,2021-08-07 12:26:13.988007,2020-04-17 00:00:00.000000,0.10005506,0.18964958,0.31943180,11,22,38,9,18,32,0.08154173,0.15859806,0.27124360,0.07415612,0.11895748,0.16979059
29115,0,USMissouriLinn,Missouri,Linn,2021-08-07 12:26:13.988007,2020-04-18 00:00:00.000000,0.09278131,0.18029594,0.30627661,11,21,36,9,18,30,0.07554999,0.15171364,0.26004792,0.07181359,0.11501631,0.15574774
29115,0,USMissouriLinn,Missouri,Linn,2021-08-07 12:26:13.988007,2020-04-19 00:00:00.000000,0.08605656,0.17041199,0.29432102,10,20,35,8,17,29,0.07000871,0.14473421,0.25001767,0.07152516,0.11220667,0.14764672
29115,0,USMissouriLinn,Missouri,Linn,2021-08-07 12:26:13.988007,2020-04-20 00:00:00.000000,0.07986362,0.16056321,0.28315418,9,19,33,7,16,28,0.06488499,0.13646766,0.24066562,0.06919625,0.10779957,0.14635923
29115,0,USMissouriLinn,Missouri,Linn,2021-08-07 12:26:13.988007,2020-04-21 00:00:00.000000,0.07421275,0.15179379,0.27255850,8,18,32,7,15,27,0.06028137,0.12938286,0.23176766,0.06887809,0.10627249,0.14562148
29115,0,USMissouriLinn,Missouri,Linn,2021-08-07 12:26:13.988007,2020-04-22 00:00:00.000000,0.06912495,0.14518134,0.26242961,8,17,31,6,14,26,0.05610460,0.12416520,0.22323858,0.06609238,0.10435879,0.14510838
29115,0,USMissouriLinn,Missouri,Linn,2021-08-07 12:26:13.988007,2020-04-23 00:00:00.000000,0.06466267,0.13882065,0.25270548,7,16,30,6,14,25,0.05231563,0.11849258,0.21503832,0.06516213,0.10305798,0.14451815
29115,0,USMissouriLinn,Missouri,Linn,2021-08-07 12:26:13.988007,2020-04-24 00:00:00.000000,0.06086158,0.13314099,0.24331879,7,15,29,5,13,24,0.04896548,0.11194409,0.20713646,0.06465646,0.10092983,0.14380182
29115,0,USMissouriLinn,Missouri,Linn,2021-08-07 12:26:13.988007,2020-04-25 00:00:00.000000,0.05761676,0.12668066,0.23420319,6,15,27,5,12,24,0.04608950,0.10679693,0.20200548,0.06419805,0.09882252,0.14292939
29115,0,USMissouriLinn,Missouri,Linn,2021-08-07 12:26:13.988007,2020-04-26 00:00:00.000000,0.05362834,0.12055439,0.22590263,6,14,26,5,12,23,0.04362279,0.10273497,0.19624686,0.06112460,0.09596477,0.14253592
29115,0,USMissouriLinn,Missouri,Linn,2021-08-07 12:26:13.988007,2020-04-27 00:00:00.000000,0.04940785,0.11465430,0.21720084,5,13,25,4,11,22,0.04143592,0.09745477,0.18946340,0.06016052,0.09267582,0.14463083
29115,0,USMissouriLinn,Missouri,Linn,2021-08-07 12:26:13.988007,2020-04-28 00:00:00.000000,0.04540912,0.10867793,0.20862351,5,12,24,4,10,21,0.03833728,0.09213624,0.18235724,0.05810307,0.09049563,0.14503792
29115,0,USMissouriLinn,Missouri,Linn,2021-08-07 12:26:13.988007,2020-04-29 00:00:00.000000,0.04159373,0.10131338,0.20038234,4,12,23,4,10,20,0.03522843,0.08655692,0.17539252,0.05665843,0.08992809,0.14558959
29115,0,USMissouriLinn,Missouri,Linn,2021-08-07 12:26:13.988007,2020-04-30 00:00:00.000000,0.03797114,0.09391375,0.19248035,4,11,22,3,9,20,0.03225786,0.08123024,0.16868348,0.05454718,0.08883113,0.14557510
29115,0,USMissouriLinn,Missouri,Linn,2021-08-07 12:26:13.988007,2020-05-01 00:00:00.000000,0.03459387,0.08737106,0.18479829,4,10,22,3,8,19,0.02943902,0.07525435,0.16220154,0.05132404,0.08792244,0.14547387
29115,0,USMissouriLinn,Missouri,Linn,2021-08-07 12:26:13.988007,2020-05-02 00:00:00.000000,0.03149126,0.08122153,0.17720574,3,9,21,3,8,18,0.02682314,0.06975869,0.15585591,0.04831015,0.08526175,0.14489007
29115,0,USMissouriLinn,Missouri,Linn,2021-08-07 12:26:13.988007,2020-05-03 00:00:00.000000,0.02866452,0.07609225,0.16969286,3,9,20,2,7,17,0.02443035,0.06488526,0.14955493,0.04671817,0.08319191,0.14249420
29115,0,USMissouriLinn,Missouri,Linn,2021-08-07 12:26:13.988007,2020-05-04 00:00:00.000000,0.02610305,0.07221792,0.16232420,3,8,19,2,7,17,0.02226236,0.06100499,0.14269362,0.04515395,0.08146272,0.13480115
29115,0,USMissouriLinn,Missouri,Linn,2021-08-07 12:26:13.988007,2020-05-05 00:00:00.000000,0.02378442,0.06850638,0.15481127,2,8,18,2,6,16,0.02029261,0.05790711,0.13552801,0.04376235,0.07965591,0.12460567
29115,0,USMissouriLinn,Missouri,Linn,2021-08-07 12:26:13.988007,2020-05-06 00:00:00.000000,0.02167666,0.06495108,0.14693560,2,7,17,2,6,15,0.01849965,0.05493852,0.12873107,0.04345376,0.07952675,0.12385510
29115,0,USMissouriLinn,Missouri,Linn,2021-08-07 12:26:13.988007,2020-05-07 00:00:00.000000,0.01975982,0.06117925,0.13932344,2,7,16,2,6,14,0.01686742,0.05209298,0.12225765,0.04334296,0.07802837,0.12200044
29115,0,USMissouriLinn,Missouri,Linn,2021-08-07 12:26:13.988007,2020-05-08 00:00:00.000000,0.01801592,0.05680233,0.13361924,2,6,15,1,5,13,0.01538120,0.04937566,0.11598238,0.04337332,0.07867099,0.12205461
29115,0,USMissouriLinn,Missouri,Linn,2021-08-07 12:26:13.988007,2020-05-09 00:00:00.000000,0.01642919,0.05272625,0.12777867,1,6,15,1,5,13,0.01402767,0.04636366,0.11034997,0.04368708,0.07826826,0.12230147
29115,0,USMissouriLinn,Missouri,Linn,2021-08-07 12:26:13.988007,2020-05-10 00:00:00.000000,0.01492379,0.04891620,0.12141469,1,5,14,1,5,12,0.01271234,0.04304950,0.10631426,0.04349138,0.07734915,0.12208593
29115,0,USMissouriLinn,Missouri,Linn,2021-08-07 12:26:13.988007,2020-05-11 00:00:00.000000,0.02839585,0.06314123,0.13213795,3,7,15,1,4,12,0.01143414,0.03994791,0.10228892,0.04113993,0.07597018,0.12078186
29115,0,USMissouriLinn,Missouri,Linn,2021-08-07 12:26:13.988007,2020-05-12 00:00:00.000000,0.03486388,0.07206130,0.14349614,4,8,17,2,5,13,0.02320189,0.04909270,0.11064266,0.03937712,0.07566182,0.11820059
29115,0,USMissouriLinn,Missouri,Linn,2021-08-07 12:26:13.988007,2020-05-13 00:00:00.000000,0.04118651,0.08261298,0.17330712,4,9,20,3,6,14,0.02835290,0.05768937,0.12078726,0.03878424,0.07241342,0.11525055
29115,0,USMissouriLinn,Missouri,Linn,2021-08-07 12:26:13.988007,2020-05-14 00:00:00.000000,0.04427229,0.08964886,0.17875825,5,10,21,3,7,17,0.03225239,0.06513054,0.14294262,0.03869623,0.07035262,0.11315563
29115,0,USMissouriLinn,Missouri,Linn,2021-08-07 12:26:13.988007,2020-05-15 00:00:00.000000,0.04504971,0.09601089,0.18337940,5,11,21,4,8,17,0.03461092,0.07144707,0.15076855,0.03850326,0.06921342,0.11176106
29115,0,USMissouriLinn,Missouri,Linn,2021-08-07 12:26:13.988007,2020-05-16 00:00:00.000000,0.04567757,0.10005866,0.20721899,5,11,24,4,9,18,0.03508101,0.07590591,0.15412809,0.03724208,0.06658350,0.11385994
29115,0,USMissouriLinn,Missouri,Linn,2021-08-07 12:26:13.988007,2020-05-17 00:00:00.000000,0.04633492,0.10669822,0.22991107,5,12,27,4,9,19,0.03547879,0.07973670,0.16152722,0.03707605,0.06602673,0.11152258
29115,0,USMissouriLinn,Missouri,Linn,2021-08-07 12:26:13.988007,2020-05-18 00:00:00.000000,0.05017489,0.11263588,0.23276753,5,13,27,4,10,21,0.03604953,0.08446169,0.17832618,0.03696071,0.06467282,0.10912820
29115,0,USMissouriLinn,Missouri,Linn,2021-08-07 12:26:13.988007,2020-05-19 00:00:00.000000,0.05812473,0.11883692,0.25063379,6,14,29,4,10,22,0.03806786,0.08679653,0.18467654,0.03688196,0.06329264,0.10476033
29115,0,USMissouriLinn,Missouri,Linn,2021-08-07 12:26:13.988007,2020-05-20 00:00:00.000000,0.05724341,0.12532693,0.27592350,6,14,32,5,10,23,0.04630760,0.08994026,0.19893143,0.03683186,0.06121060,0.10183344
29115,0,USMissouriLinn,Missouri,Linn,2021-08-07 12:26:13.988007,2020-05-21 00:00:00.000000,0.05647984,0.13036441,0.28366957,6,15,33,5,11,25,0.04570002,0.09619961,0.21208708,0.03680267,0.06059985,0.10102859
29115,0,USMissouriLinn,Missouri,Linn,2021-08-07 12:26:13.988007,2020-05-22 00:00:00.000000,0.05650023,0.13241061,0.29969656,6,15,35,5,12,26,0.04517152,0.10138640,0.22505705,0.03678402,0.05983367,0.09995941
29115,0,USMissouriLinn,Missouri,Linn,2021-08-07 12:26:13.988007,2020-05-23 00:00:00.000000,0.05763122,0.13336951,0.31490026,6,15,37,5,12,28,0.04470600,0.10179676,0.23787223,0.03672011,0.05936988,0.09992191
29115,0,USMissouriLinn,Missouri,Linn,2021-08-07 12:26:13.988007,2020-05-24 00:00:00.000000,0.05861989,0.13825101,0.32931745,6,16,39,5,12,29,0.04428964,0.10398944,0.25007164,0.03647133,0.05899739,0.09898094
29115,0,USMissouriLinn,Missouri,Linn,2021-08-07 12:26:13.988007,2020-05-25 00:00:00.000000,0.07766076,0.14498715,0.34847034,9,17,41,5,12,31,0.04391024,0.10697778,0.26168893,0.03574957,0.05722193,0.10160495
29115,0,USMissouriLinn,Missouri,Linn,2021-08-07 12:26:13.988007,2020-05-26 00:00:00.000000,0.08307946,0.14656260,0.34079151,9,17,40,6,13,31,0.05582001,0.11336001,0.26531785,0.03364185,0.05668460,0.10164983
29115,0,USMissouriLinn,Missouri,Linn,2021-08-07 12:26:13.988007,2020-05-27 00:00:00.000000,0.08855301,0.15288237,0.35233526,10,18,41,7,13,31,0.06250896,0.11560603,0.26251223,0.03074343,0.05595508,0.10161056
29115,0,USMissouriLinn,Missouri,Linn,2021-08-07 12:26:13.988007,2020-05-28 00:00:00.000000,0.09361331,0.15774942,0.35572743,11,18,42,7,14,33,0.06653174,0.12027977,0.28170003,0.03088005,0.05499972,0.10150024
29115,0,USMissouriLinn,Missouri,Linn,2021-08-07 12:26:13.988007,2020-05-29 00:00:00.000000,0.09262670,0.16368980,0.38458107,11,19,45,8,14,33,0.07026475,0.12300667,0.28008224,0.03151475,0.05389929,0.10120525
29115,0,USMissouriLinn,Missouri,Linn,2021-08-07 12:26:13.988007,2020-05-30 00:00:00.000000,0.09104992,0.16652919,0.41063342,10,19,48,8,15,35,0.07072501,0.12780102,0.30086133,0.03068840,0.05271956,0.10040359
29115,0,USMissouriLinn,Missouri,Linn,2021-08-07 12:26:13.988007,2020-05-31 00:00:00.000000,0.08970234,0.16942214,0.43407804,10,20,51,8,15,38,0.06953178,0.13110631,0.32117198,0.02990159,0.05256531,0.09831258
29115,0,USMissouriLinn,Missouri,Linn,2021-08-07 12:26:13.988007,2020-06-01 00:00:00.000000,0.09270503,0.16409380,0.42293684,11,19,50,8,15,40,0.06851513,0.13061381,0.33958991,0.02941283,0.05167470,0.09898695
29115,0,USMissouriLinn,Missouri,Linn,2021-08-07 12:26:13.988007,2020-06-02 00:00:00.000000,0.09370328,0.16611649,0.40973404,11,19,48,8,15,39,0.07109309,0.13065833,0.33149165,0.02920444,0.05104332,0.10305274
29115,0,USMissouriLinn,Missouri,Linn,2021-08-07 12:26:13.988007,2020-06-03 00:00:00.000000,0.09365333,0.16719759,0.39389704,11,19,46,8,15,38,0.07137221,0.13039146,0.31977891,0.02918740,0.05058923,0.10137767
29115,0,USMissouriLinn,Missouri,Linn,2021-08-07 12:26:13.988007,2020-06-04 00:00:00.000000,0.09358463,0.16481626,0.37932939,11,19,45,8,15,36,0.07128178,0.13288861,0.30849319,0.02937260,0.05034797,0.09725130
29115,0,USMissouriLinn,Missouri,Linn,2021-08-07 12:26:13.988007,2020-06-05 00:00:00.000000,0.09549274,0.16829577,0.36644931,11,20,43,8,15,35,0.07117325,0.13403327,0.29824058,0.02874915,0.04980845,0.09612598
29115,0,USMissouriLinn,Missouri,Linn,2021-08-07 12:26:13.988007,2020-06-06 00:00:00.000000,0.09990812,0.16886386,0.35513155,11,20,42,8,15,34,0.07400456,0.13272596,0.28901393,0.02826576,0.04887048,0.09403453
29115,0,USMissouriLinn,Missouri,Linn,2021-08-07 12:26:13.988007,2020-06-07 00:00:00.000000,0.10384970,0.16501355,0.34526985,12,19,41,9,15,33,0.07738343,0.13170543,0.28073827,0.02821961,0.04881160,0.09198623
29115,0,USMissouriLinn,Missouri,Linn,2021-08-07 12:26:13.988007,2020-06-08 00:00:00.000000,0.10003040,0.16906080,0.36582329,11,20,43,9,15,32,0.08042725,0.13175642,0.27339731,0.02826121,0.04862107,0.09168425
29115,0,USMissouriLinn,Missouri,Linn,2021-08-07 12:26:13.988007,2020-06-09 00:00:00.000000,0.09578547,0.17600704,0.38735357,11,20,46,9,15,34,0.07757870,0.13413816,0.28935348,0.02828098,0.04777096,0.09011800
29115,0,USMissouriLinn,Missouri,Linn,2021-08-07 12:26:13.988007,2020-06-10 00:00:00.000000,0.09107242,0.17262538,0.37993563,10,20,45,8,16,36,0.07393176,0.13796032,0.30781110,0.02828749,0.04758882,0.08948538
29115,0,USMissouriLinn,Missouri,Linn,2021-08-07 12:26:13.988007,2020-06-11 00:00:00.000000,0.08680864,0.17345380,0.38133668,10,20,45,8,16,35,0.07049259,0.13708076,0.29862300,0.02818602,0.04758153,0.08715400
29115,0,USMissouriLinn,Missouri,Linn,2021-08-07 12:26:13.988007,2020-06-12 00:00:00.000000,0.08478636,0.17708434,0.40411033,10,21,48,8,16,34,0.06742781,0.13790251,0.28951787,0.02745752,0.04728708,0.08690624
29115,0,USMissouriLinn,Missouri,Linn,2021-08-07 12:26:13.988007,2020-06-13 00:00:00.000000,0.08352032,0.17492967,0.41603419,9,20,49,7,16,36,0.06471952,0.13804148,0.30683871,0.02645445,0.04598704,0.08639684
29115,0,USMissouriLinn,Missouri,Linn,2021-08-07 12:26:13.988007,2020-06-14 00:00:00.000000,0.08088283,0.17486666,0.39922289,9,20,47,7,16,38,0.06346807,0.13908501,0.32189751,0.02573566,0.04636878,0.07823443
29115,0,USMissouriLinn,Missouri,Linn,2021-08-07 12:26:13.988007,2020-06-15 00:00:00.000000,0.09005765,0.17443830,0.38504496,10,20,45,7,16,38,0.06262085,0.13672729,0.32221924,0.02544341,0.04632736,0.08016871
29115,0,USMissouriLinn,Missouri,Linn,2021-08-07 12:26:13.988007,2020-06-16 00:00:00.000000,0.09962812,0.17141293,0.37211255,11,20,44,8,16,37,0.07261479,0.13884201,0.31109999,0.02535747,0.04582943,0.08278378
29115,0,USMissouriLinn,Missouri,Linn,2021-08-07 12:26:13.988007,2020-06-17 00:00:00.000000,0.09387690,0.16986109,0.36019947,11,20,42,9,16,35,0.07635299,0.13489065,0.29829929,0.02540730,0.04553699,0.08552483
29115,0,USMissouriLinn,Missouri,Linn,2021-08-07 12:26:13.988007,2020-06-18 00:00:00.000000,0.09291667,0.16875906,0.34957032,11,20,41,8,16,33,0.07226035,0.13525341,0.27965088,0.02573244,0.04464288,0.08500995
29115,0,USMissouriLinn,Missouri,Linn,2021-08-07 12:26:13.988007,2020-06-19 00:00:00.000000,0.08871359,0.16518733,0.34517998,10,19,41,8,15,33,0.07242207,0.13411874,0.28078518,0.02511672,0.04456600,0.07701054
29115,0,USMissouriLinn,Missouri,Linn,2021-08-07 12:26:13.988007,2020-06-20 00:00:00.000000,0.08494222,0.16445053,0.33988375,10,19,40,8,15,33,0.06923754,0.13207664,0.28125088,0.02476569,0.04371441,0.07686684
29115,0,USMissouriLinn,Missouri,Linn,2021-08-07 12:26:13.988007,2020-06-21 00:00:00.000000,0.08163197,0.16142438,0.32213686,9,19,38,7,15,32,0.06635412,0.12794214,0.27041879,0.02451056,0.04298940,0.07889024
29115,0,USMissouriLinn,Missouri,Linn,2021-08-07 12:26:13.988007,2020-06-22 00:00:00.000000,0.09638239,0.16672146,0.32167148,11,19,38,7,15,31,0.06379985,0.12937733,0.26056161,0.02444813,0.04322383,0.07986362
29115,0,USMissouriLinn,Missouri,Linn,2021-08-07 12:26:13.988007,2020-06-23 00:00:00.000000,0.10726930,0.16382523,0.32177168,12,19,38,9,15,31,0.07698334,0.12932299,0.26008443,0.02433677,0.04303531,0.08024499
29115,0,USMissouriLinn,Missouri,Linn,2021-08-07 12:26:13.988007,2020-06-24 00:00:00.000000,0.10724582,0.16982256,0.31476475,12,20,37,9,15,31,0.08312004,0.13155710,0.26041035,0.02466848,0.04245013,0.08108739
29115,0,USMissouriLinn,Missouri,Linn,2021-08-07 12:26:13.988007,2020-06-25 00:00:00.000000,0.10968850,0.16927948,0.31052772,13,20,37,9,16,30,0.08311543,0.13532549,0.25380371,0.02475435,0.04226463,0.08106799
29115,0,USMissouriLinn,Missouri,Linn,2021-08-07 12:26:13.988007,2020-06-26 00:00:00.000000,0.10713474,0.17002061,0.30829292,12,20,36,10,15,29,0.08453890,0.13176569,0.24482298,0.02466701,0.04261135,0.08060517
29115,0,USMissouriLinn,Missouri,Linn,2021-08-07 12:26:13.988007,2020-06-27 00:00:00.000000,0.10705871,0.16917291,0.31418791,12,20,37,9,15,29,0.08295501,0.13221180,0.24497515,0.02458405,0.04185684,0.08050251
29115,0,USMissouriLinn,Missouri,Linn,2021-08-07 12:26:13.988007,2020-06-28 00:00:00.000000,0.10605358,0.17193424,0.32583351,12,20,38,9,16,29,0.08289767,0.13480711,0.24410315,0.02442727,0.04173336,0.08027554
29115,0,USMissouriLinn,Missouri,Linn,2021-08-07 12:26:13.988007,2020-06-29 00:00:00.000000,0.10625655,0.18303294,0.30760780,12,21,36,9,16,30,0.08206718,0.13568718,0.25772002,0.02427059,0.04104773,0.07986799
29115,0,USMissouriLinn,Missouri,Linn,2021-08-07 12:26:13.988007,2020-06-30 00:00:00.000000,0.10496392,0.18733373,0.31621502,12,22,37,9,17,29,0.08191389,0.14458173,0.24668949,0.02360865,0.04096213,0.07932877
29115,0,USMissouriLinn,Missouri,Linn,2021-08-07 12:26:13.988007,2020-07-01 00:00:00.000000,0.10037490,0.19126569,0.33762066,11,22,40,9,17,30,0.08184133,0.14777653,0.25633326,0.02339499,0.04067524,0.07880917
29115,0,USMissouriLinn,Missouri,Linn,2021-08-07 12:26:13.988007,2020-07-02 00:00:00.000000,0.09630138,0.19206311,0.35548054,11,22,42,9,17,31,0.07694361,0.15055941,0.26721171,0.02334662,0.04051696,0.07836625
29115,0,USMissouriLinn,Missouri,Linn,2021-08-07 12:26:13.988007,2020-07-03 00:00:00.000000,0.09268997,0.18924040,0.37562878,11,22,44,8,17,34,0.07334496,0.15094004,0.28571698,0.02326460,0.03993398,0.07795002
29115,0,USMissouriLinn,Missouri,Linn,2021-08-07 12:26:13.988007,2020-07-04 00:00:00.000000,0.08912569,0.18910398,0.39912288,10,22,47,8,17,36,0.07064010,0.14905771,0.30628876,0.02308546,0.03902736,0.07746736
29115,0,USMissouriLinn,Missouri,Linn,2021-08-07 12:26:13.988007,2020-07-05 00:00:00.000000,0.08565904,0.18658477,0.42079554,10,22,50,8,17,38,0.06788715,0.14852614,0.32543198,0.02252307,0.03906346,0.07536453
29115,0,USMissouriLinn,Missouri,Linn,2021-08-07 12:26:13.988007,2020-07-06 00:00:00.000000,0.09200981,0.19092273,0.41232044,10,22,49,7,17,40,0.06579750,0.14826397,0.34333941,0.02182526,0.03906643,0.07525614
29115,0,USMissouriLinn,Missouri,Linn,2021-08-07 12:26:13.988007,2020-07-07 00:00:00.000000,0.09965072,0.19238498,0.39661688,11,22,47,8,18,40,0.07307207,0.15175323,0.33560096,0.02162700,0.03919466,0.07562737
29115,0,USMissouriLinn,Missouri,Linn,2021-08-07 12:26:13.988007,2020-07-08 00:00:00.000000,0.09673902,0.18670466,0.37926286,11,22,45,9,18,38,0.07730027,0.15183990,0.32234963,0.02135062,0.03944661,0.07548286
29115,0,USMissouriLinn,Missouri,Linn,2021-08-07 12:26:13.988007,2020-07-09 00:00:00.000000,0.09140892,0.18279803,0.36371159,10,21,43,8,17,36,0.07403318,0.14812053,0.30946085,0.02095464,0.03916267,0.07494417
29115,0,USMissouriLinn,Missouri,Linn,2021-08-07 12:26:13.988007,2020-07-10 00:00:00.000000,0.08769434,0.17778362,0.35004524,10,21,41,8,17,35,0.07097722,0.14506677,0.29793124,0.02050510,0.03855975,0.07532021
29115,0,USMissouriLinn,Missouri,Linn,2021-08-07 12:26:13.988007,2020-07-11 00:00:00.000000,0.08437641,0.17135598,0.36826760,10,20,43,8,16,34,0.06820777,0.14125529,0.28757116,0.02004414,0.03837583,0.07576127
29115,0,USMissouriLinn,Missouri,Linn,2021-08-07 12:26:13.988007,2020-07-12 00:00:00.000000,0.08140297,0.16962029,0.38758044,9,20,46,7,16,35,0.06570209,0.13785607,0.29579865,0.01962796,0.03896210,0.07687389
29115,0,USMissouriLinn,Missouri,Linn,2021-08-07 12:26:13.988007,2020-07-13 00:00:00.000000,0.08003613,0.17144272,0.38052728,9,20,45,7,16,37,0.06343209,0.13464331,0.31139742,0.01946442,0.03906861,0.07236231
29115,0,USMissouriLinn,Missouri,Linn,2021-08-07 12:26:13.988007,2020-07-14 00:00:00.000000,0.07892692,0.18378117,0.38914411,9,21,46,7,16,36,0.06234634,0.13650750,0.30617142,0.02033059,0.03917263,0.07364813
29115,0,USMissouriLinn,Missouri,Linn,2021-08-07 12:26:13.988007,2020-07-15 00:00:00.000000,0.07807103,0.18611022,0.44240218,9,22,52,7,17,35,0.06153772,0.14524162,0.29890987,0.02073730,0.03920626,0.07753818
29115,0,USMissouriLinn,Missouri,Linn,2021-08-07 12:26:13.988007,2020-07-16 00:00:00.000000,0.07728649,0.18685586,0.49043756,9,22,58,7,17,40,0.06081687,0.14908273,0.33615289,0.02095936,0.03921600,0.08006044
29115,0,USMissouriLinn,Missouri,Linn,2021-08-07 12:26:13.988007,2020-07-17 00:00:00.000000,0.07653936,0.18840065,0.48487627,9,22,57,7,17,44,0.06014595,0.14810540,0.37194345,0.02105255,0.03864324,0.07996222
29115,0,USMissouriLinn,Missouri,Linn,2021-08-07 12:26:13.988007,2020-07-18 00:00:00.000000,0.07326290,0.18697616,0.45745284,8,22,54,6,17,43,0.05802546,0.14977813,0.36719233,0.02111520,0.03857780,0.07966713
29115,0,USMissouriLinn,Missouri,Linn,2021-08-07 12:26:13.988007,2020-07-19 00:00:00.000000,0.07145364,0.18425353,0.44053779,8,21,52,6,18,41,0.05537414,0.15268375,0.34748968,0.02114021,0.03875500,0.07900304
29115,0,USMissouriLinn,Missouri,Linn,2021-08-07 12:26:13.988007,2020-07-20 00:00:00.000000,0.08234217,0.18778195,0.41175884,9,22,49,6,17,40,0.05527769,0.15040398,0.34350562,0.02114641,0.03885316,0.07756548
29115,0,USMissouriLinn,Missouri,Linn,2021-08-07 12:26:13.988007,2020-07-21 00:00:00.000000,0.08609444,0.19187118,0.38582201,10,22,45,7,18,38,0.06353068,0.15159730,0.32134470,0.02114793,0.03855522,0.07628831
29115,0,USMissouriLinn,Missouri,Linn,2021-08-07 12:26:13.988007,2020-07-22 00:00:00.000000,0.09021075,0.18794409,0.36219802,10,22,43,7,18,35,0.06665589,0.15202518,0.30123439,0.02114974,0.03908712,0.07593309
29115,0,USMissouriLinn,Missouri,Linn,2021-08-07 12:26:13.988007,2020-07-23 00:00:00.000000,0.09148084,0.18461873,0.37070758,10,22,44,8,17,35,0.06870686,0.14857042,0.29589502,0.02116058,0.03931646,0.07538706
29115,0,USMissouriLinn,Missouri,Linn,2021-08-07 12:26:13.988007,2020-07-24 00:00:00.000000,0.09255703,0.18821139,0.37888901,11,22,45,8,17,36,0.06929836,0.14552984,0.30246369,0.02123119,0.04026155,0.07527307
29115,0,USMissouriLinn,Missouri,Linn,2021-08-07 12:26:13.988007,2020-07-25 00:00:00.000000,0.09354824,0.18673965,0.38339876,11,22,45,8,17,36,0.06995380,0.14691284,0.30876348,0.02155860,0.04101152,0.07493948
29115,0,USMissouriLinn,Missouri,Linn,2021-08-07 12:26:13.988007,2020-07-26 00:00:00.000000,0.09548350,0.18677236,0.35843647,11,22,42,8,17,35,0.07165334,0.14795344,0.30181637,0.02197600,0.04167488,0.07484513
29115,0,USMissouriLinn,Missouri,Linn,2021-08-07 12:26:13.988007,2020-07-27 00:00:00.000000,0.10394062,0.18754993,0.33541091,12,22,39,8,17,33,0.07344564,0.14774558,0.28305027,0.02198292,0.04171331,0.07484330
29115,0,USMissouriLinn,Missouri,Linn,2021-08-07 12:26:13.988007,2020-07-28 00:00:00.000000,0.10434950,0.18657989,0.32037992,12,22,38,9,17,32,0.07981402,0.14645138,0.27275885,0.02208637,0.04182260,0.07520353
29115,0,USMissouriLinn,Missouri,Linn,2021-08-07 12:26:13.988007,2020-07-29 00:00:00.000000,0.10418769,0.18187557,0.31290835,12,21,37,9,17,31,0.08261001,0.14597032,0.26543540,0.02232697,0.04189571,0.07572614
29115,0,USMissouriLinn,Missouri,Linn,2021-08-07 12:26:13.988007,2020-07-30 00:00:00.000000,0.10414005,0.18146215,0.32147459,12,21,38,9,17,31,0.08244635,0.14380847,0.26009776,0.02232771,0.04166031,0.07669341
29115,0,USMissouriLinn,Missouri,Linn,2021-08-07 12:26:13.988007,2020-07-31 00:00:00.000000,0.10848695,0.17715802,0.30733094,12,21,36,9,16,31,0.08238715,0.14054141,0.26413367,0.02232776,0.04111999,0.07740764
29115,0,USMissouriLinn,Missouri,Linn,2021-08-07 12:26:13.988007,2020-08-01 00:00:00.000000,0.10684131,0.17422968,0.29467812,12,20,35,9,16,30,0.08235411,0.14062277,0.25325697,0.02233290,0.04086757,0.07800613
29115,0,USMissouriLinn,Missouri,Linn,2021-08-07 12:26:13.988007,2020-08-02 00:00:00.000000,0.10507443,0.17241710,0.29205517,12,20,34,9,16,29,0.08323307,0.13913445,0.24332654,0.02233307,0.04097052,0.07990328
29115,0,USMissouriLinn,Missouri,Linn,2021-08-07 12:26:13.988007,2020-08-03 00:00:00.000000,0.10453079,0.17495582,0.28678575,12,20,34,9,16,27,0.08227122,0.13509478,0.23468672,0.02233005,0.04118006,0.08205284
29115,0,USMissouriLinn,Missouri,Linn,2021-08-07 12:26:13.988007,2020-08-04 00:00:00.000000,0.10908447,0.17625319,0.29036820,13,21,34,9,16,28,0.08287542,0.13605455,0.23660783,0.02231103,0.04106189,0.08376970
29115,0,USMissouriLinn,Missouri,Linn,2021-08-07 12:26:13.988007,2020-08-05 00:00:00.000000,0.10747412,0.17462329,0.29483851,12,20,35,9,16,28,0.08349472,0.14052773,0.23974900,0.02231475,0.04165427,0.08477666
29115,0,USMissouriLinn,Missouri,Linn,2021-08-07 12:26:13.988007,2020-08-06 00:00:00.000000,0.10386909,0.17465112,0.29842095,12,20,35,9,16,28,0.08287365,0.13912451,0.24271144,0.02228911,0.04244774,0.08493623
29115,0,USMissouriLinn,Missouri,Linn,2021-08-07 12:26:13.988007,2020-08-07 00:00:00.000000,0.10045466,0.17157238,0.30145615,11,20,35,9,16,29,0.07965825,0.13575709,0.24513238,0.02221037,0.04331606,0.08486432
29115,0,USMissouriLinn,Missouri,Linn,2021-08-07 12:26:13.988007,2020-08-08 00:00:00.000000,0.10004918,0.16996577,0.30408112,11,20,36,9,16,29,0.07837556,0.13811379,0.24714638,0.02186699,0.04337382,0.08461055
29115,0,USMissouriLinn,Missouri,Linn,2021-08-07 12:26:13.988007,2020-08-09 00:00:00.000000,0.09976918,0.17130922,0.31259672,11,20,37,9,16,29,0.07806162,0.13834097,0.24897972,0.02064863,0.04314597,0.08419340
29115,0,USMissouriLinn,Missouri,Linn,2021-08-07 12:26:13.988007,2020-08-10 00:00:00.000000,0.10556380,0.17454175,0.30413116,12,20,36,9,16,29,0.07784264,0.13595546,0.25069628,0.01997861,0.04311093,0.08371998
29115,0,USMissouriLinn,Missouri,Linn,2021-08-07 12:26:13.988007,2020-08-11 00:00:00.000000,0.11485704,0.17695152,0.30711977,13,21,36,9,16,29,0.08246381,0.13625645,0.24877873,0.01975541,0.04336940,0.08326591
29115,0,USMissouriLinn,Missouri,Linn,2021-08-07 12:26:13.988007,2020-08-12 00:00:00.000000,0.11170205,0.18128480,0.31054501,13,21,37,10,16,29,0.08920368,0.14121115,0.24937099,0.01959377,0.04387281,0.08275062
29115,0,USMissouriLinn,Missouri,Linn,2021-08-07 12:26:13.988007,2020-08-13 00:00:00.000000,0.10574196,0.18779274,0.31308712,12,22,37,10,17,30,0.08462538,0.14369180,0.26005712,0.01943124,0.04337662,0.08178909
29115,0,USMissouriLinn,Missouri,Linn,2021-08-07 12:26:13.988007,2020-08-14 00:00:00.000000,0.09992341,0.18938281,0.32565544,11,22,38,9,17,30,0.08097356,0.14637888,0.25764463,0.01865094,0.04371654,0.07964168
29115,0,USMissouriLinn,Missouri,Linn,2021-08-07 12:26:13.988007,2020-08-15 00:00:00.000000,0.09477185,0.19045623,0.34550272,11,22,41,9,17,31,0.07772591,0.15023119,0.26744945,0.01839418,0.04502339,0.07762891
29115,0,USMissouriLinn,Missouri,Linn,2021-08-07 12:26:13.988007,2020-08-16 00:00:00.000000,0.09141046,0.19049935,0.35417894,10,22,42,8,18,33,0.07487630,0.15298609,0.27923027,0.01835101,0.04610256,0.07599801
29115,0,USMissouriLinn,Missouri,Linn,2021-08-07 12:26:13.988007,2020-08-17 00:00:00.000000,0.09906929,0.19003301,0.33927832,11,22,40,8,17,34,0.07233156,0.15066509,0.28525879,0.01834492,0.04634861,0.07430525
29115,0,USMissouriLinn,Missouri,Linn,2021-08-07 12:26:13.988007,2020-08-18 00:00:00.000000,0.10295845,0.18644692,0.32648022,12,22,38,9,18,32,0.07823241,0.15135056,0.27672782,0.01834510,0.04601169,0.07516644
29115,0,USMissouriLinn,Missouri,Linn,2021-08-07 12:26:13.988007,2020-08-19 00:00:00.000000,0.10521070,0.18637164,0.31549078,12,22,37,9,17,31,0.08004281,0.14636918,0.26689160,0.01837113,0.04582492,0.07814691
29115,0,USMissouriLinn,Missouri,Linn,2021-08-07 12:26:13.988007,2020-08-20 00:00:00.000000,0.10679987,0.18844981,0.30833042,12,22,36,9,17,30,0.08120669,0.14487998,0.25406983,0.01879344,0.04612677,0.07979849
29115,0,USMissouriLinn,Missouri,Linn,2021-08-07 12:26:13.988007,2020-08-21 00:00:00.000000,0.10809840,0.19076123,0.32034915,12,22,38,9,17,30,0.08220278,0.14593225,0.25389783,0.01886607,0.04606805,0.08054366
29115,0,USMissouriLinn,Missouri,Linn,2021-08-07 12:26:13.988007,2020-08-22 00:00:00.000000,0.10779934,0.18509008,0.32563592,12,22,38,9,17,31,0.08303437,0.15022783,0.26122012,0.01925965,0.04590410,0.08029771
29115,0,USMissouriLinn,Missouri,Linn,2021-08-07 12:26:13.988007,2020-08-23 00:00:00.000000,0.10634440,0.18271158,0.33046986,12,21,39,9,17,31,0.08369604,0.14765965,0.26537895,0.02087228,0.04522999,0.08005071
29115,0,USMissouriLinn,Missouri,Linn,2021-08-07 12:26:13.988007,2020-08-24 00:00:00.000000,0.10919927,0.18694403,0.32399721,13,22,38,10,17,32,0.08418084,0.14551894,0.26924273,0.02087328,0.04584343,0.08006403
29115,0,USMissouriLinn,Missouri,Linn,2021-08-07 12:26:13.988007,2020-08-25 00:00:00.000000,0.11827658,0.18752031,0.32224265,14,22,38,10,17,31,0.08443737,0.14724069,0.26407538,0.02089323,0.04670251,0.08076968
29115,0,USMissouriLinn,Missouri,Linn,2021-08-07 12:26:13.988007,2020-08-26 00:00:00.000000,0.11483902,0.18724902,0.32954224,13,22,39,10,17,30,0.09201073,0.14949215,0.25877118,0.02093574,0.04571446,0.08917420
29115,0,USMissouriLinn,Missouri,Linn,2021-08-07 12:26:13.988007,2020-08-27 00:00:00.000000,0.11646595,0.18302664,0.33466335,13,21,39,10,17,31,0.09155747,0.14614981,0.26473899,0.02103859,0.04693871,0.09073580
29115,0,USMissouriLinn,Missouri,Linn,2021-08-07 12:26:13.988007,2020-08-28 00:00:00.000000,0.11561705,0.18209603,0.33300598,13,21,39,10,17,32,0.09109674,0.14416375,0.27004188,0.02285503,0.04608236,0.09175661
29115,0,USMissouriLinn,Missouri,Linn,2021-08-07 12:26:13.988007,2020-08-29 00:00:00.000000,0.11477747,0.18244353,0.34885186,13,21,41,10,17,31,0.09026539,0.14264555,0.26384123,0.02505806,0.04494160,0.09329228
29115,0,USMissouriLinn,Missouri,Linn,2021-08-07 12:26:13.988007,2020-08-30 00:00:00.000000,0.11246748,0.17933880,0.35656603,13,21,42,10,17,32,0.08947918,0.14277915,0.27166604,0.02549854,0.04676923,0.09473838
29115,0,USMissouriLinn,Missouri,Linn,2021-08-07 12:26:13.988007,2020-08-31 00:00:00.000000,0.11463529,0.18425186,0.36440876,13,21,43,10,16,33,0.08784951,0.14177297,0.28453570,0.02599254,0.04684287,0.09878668
29115,0,USMissouriLinn,Missouri,Linn,2021-08-07 12:26:13.988007,2020-09-01 00:00:00.000000,0.11466055,0.18482605,0.37154102,13,22,44,10,17,34,0.08907722,0.14627241,0.28923501,0.02656672,0.04704861,0.10191975
29115,0,USMissouriLinn,Missouri,Linn,2021-08-07 12:26:13.988007,2020-09-02 00:00:00.000000,0.11214621,0.19163164,0.37799876,13,22,45,10,17,35,0.08858654,0.14788851,0.29518296,0.02683226,0.04770548,0.10195682
29115,0,USMissouriLinn,Missouri,Linn,2021-08-07 12:26:13.988007,2020-09-03 00:00:00.000000,0.11098221,0.19315238,0.36670532,13,23,43,10,18,35,0.08741672,0.15139192,0.30057009,0.02702008,0.04873627,0.10172551
29115,0,USMissouriLinn,Missouri,Linn,2021-08-07 12:26:13.988007,2020-09-04 00:00:00.000000,0.10990619,0.19540076,0.38999089,13,23,46,10,18,35,0.08621603,0.15525535,0.29936460,0.02753770,0.04754574,0.09927330
29115,0,USMissouriLinn,Missouri,Linn,2021-08-07 12:26:13.988007,2020-09-05 00:00:00.000000,0.10894591,0.19726280,0.39567487,12,23,47,10,18,37,0.08533520,0.15488450,0.31085700,0.02795851,0.04794719,0.10102839
29115,0,USMissouriLinn,Missouri,Linn,2021-08-07 12:26:13.988007,2020-09-06 00:00:00.000000,0.10720555,0.19897923,0.40107305,12,23,47,10,18,37,0.08455176,0.15622815,0.31553197,0.02759140,0.04871315,0.09861973
29115,0,USMissouriLinn,Missouri,Linn,2021-08-07 12:26:13.988007,2020-09-07 00:00:00.000000,0.11058984,0.19565417,0.38547355,13,23,45,9,18,38,0.08293695,0.15443153,0.32002461,0.02754921,0.04931575,0.09459105
29115,0,USMissouriLinn,Missouri,Linn,2021-08-07 12:26:13.988007,2020-09-08 00:00:00.000000,0.10633269,0.19351887,0.36503188,12,23,43,9,18,37,0.08355083,0.15157502,0.31229497,0.02583636,0.04847365,0.09449558
29115,0,USMissouriLinn,Missouri,Linn,2021-08-07 12:26:13.988007,2020-09-09 00:00:00.000000,0.10223939,0.19361943,0.36036631,12,23,42,9,17,35,0.08023973,0.14973536,0.29713030,0.02605182,0.04943716,0.09457231
29115,0,USMissouriLinn,Missouri,Linn,2021-08-07 12:26:13.988007,2020-09-10 00:00:00.000000,0.09855580,0.19612869,0.36210353,11,23,43,9,18,35,0.07720356,0.15194909,0.29642628,0.02641208,0.05058449,0.09501548
29115,0,USMissouriLinn,Missouri,Linn,2021-08-07 12:26:13.988007,2020-09-11 00:00:00.000000,0.09529687,0.20280937,0.35624416,11,24,42,8,18,34,0.07448175,0.15470895,0.29109074,0.02638989,0.04984916,0.09652514
29115,0,USMissouriLinn,Missouri,Linn,2021-08-07 12:26:13.988007,2020-09-12 00:00:00.000000,0.09243873,0.20248860,0.38429704,11,24,45,8,18,34,0.07347035,0.15713205,0.28942713,0.02503881,0.04867129,0.10350163
29115,0,USMissouriLinn,Missouri,Linn,2021-08-07 12:26:13.988007,2020-09-13 00:00:00.000000,0.09050377,0.20373210,0.39563800,10,24,47,8,19,37,0.07265008,0.16019305,0.31184135,0.02499508,0.04936305,0.10594971
29115,0,USMissouriLinn,Missouri,Linn,2021-08-07 12:26:13.988007,2020-09-14 00:00:00.000000,0.09222013,0.21078815,0.39292481,10,25,46,8,19,39,0.07191677,0.16374893,0.32808952,0.02503194,0.05112127,0.10796667
29115,0,USMissouriLinn,Missouri,Linn,2021-08-07 12:26:13.988007,2020-09-15 00:00:00.000000,0.10008050,0.21911412,0.39798768,11,26,47,8,19,38,0.07225212,0.16719779,0.32600452,0.02524035,0.05159685,0.10901494
29115,0,USMissouriLinn,Missouri,Linn,2021-08-07 12:26:13.988007,2020-09-16 00:00:00.000000,0.09773605,0.22535136,0.43834119,11,26,52,9,20,38,0.07939159,0.17291741,0.32697551,0.02588378,0.05192954,0.10935691
29115,0,USMissouriLinn,Missouri,Linn,2021-08-07 12:26:13.988007,2020-09-17 00:00:00.000000,0.10028153,0.23247858,0.46195863,11,27,55,9,21,40,0.07798611,0.18306764,0.33851310,0.02572920,0.05223273,0.11725438
29115,0,USMissouriLinn,Missouri,Linn,2021-08-07 12:26:13.988007,2020-09-18 00:00:00.000000,0.09674414,0.24331556,0.45241815,11,29,53,9,21,44,0.07623561,0.18443508,0.37079280,0.02559925,0.05298654,0.12452683
29115,0,USMissouriLinn,Missouri,Linn,2021-08-07 12:26:13.988007,2020-09-19 00:00:00.000000,0.09320218,0.25004067,0.46218794,11,29,55,8,22,44,0.07462676,0.18680046,0.37119415,0.02558161,0.05350089,0.12992136
29115,0,USMissouriLinn,Missouri,Linn,2021-08-07 12:26:13.988007,2020-09-20 00:00:00.000000,0.09349255,0.25217734,0.48771289,11,30,58,8,23,43,0.07406033,0.19610652,0.36532691,0.02589105,0.05488860,0.13310016
29115,0,USMissouriLinn,Missouri,Linn,2021-08-07 12:26:13.988007,2020-09-21 00:00:00.000000,0.12825755,0.27493249,0.49669462,15,32,59,8,23,44,0.07429331,0.19894758,0.37363922,0.02668967,0.05385888,0.13472144
29115,0,USMissouriLinn,Missouri,Linn,2021-08-07 12:26:13.988007,2020-09-22 00:00:00.000000,0.14971954,0.30740471,0.51236746,17,36,61,11,26,46,0.09592444,0.21985245,0.38703633,0.02669290,0.05504537,0.13552609
29115,0,USMissouriLinn,Missouri,Linn,2021-08-07 12:26:13.988007,2020-09-23 00:00:00.000000,0.17149176,0.33766612,0.54411992,20,40,64,13,28,49,0.11319475,0.24046743,0.41286884,0.02670483,0.05657843,0.13589586
29115,0,USMissouriLinn,Missouri,Linn,2021-08-07 12:26:13.988007,2020-09-24 00:00:00.000000,0.19175371,0.36706240,0.56226210,22,43,67,15,31,52,0.12861261,0.26410426,0.44451075,0.02674980,0.05711371,0.13596381
29115,0,USMissouriLinn,Missouri,Linn,2021-08-07 12:26:13.988007,2020-09-25 00:00:00.000000,0.19544600,0.39560293,0.62545575,23,47,74,17,34,55,0.14330673,0.28987676,0.46394472,0.02691374,0.05754778,0.13537499
29115,0,USMissouriLinn,Missouri,Linn,2021-08-07 12:26:13.988007,2020-09-26 00:00:00.000000,0.20995442,0.41349823,0.68897353,25,49,82,18,36,59,0.15359113,0.30510140,0.49766921,0.02744411,0.05739359,0.13186853
29115,0,USMissouriLinn,Missouri,Linn,2021-08-07 12:26:13.988007,2020-09-27 00:00:00.000000,0.21160481,0.43342737,0.72996437,25,51,87,19,38,62,0.16438302,0.32180837,0.52787820,0.02866286,0.05905330,0.12873656
29115,0,USMissouriLinn,Missouri,Linn,2021-08-07 12:26:13.988007,2020-09-28 00:00:00.000000,0.27810517,0.47900439,0.73784873,33,57,87,19,40,68,0.16027730,0.33633435,0.57558882,0.02921976,0.06001898,0.13168198
29115,0,USMissouriLinn,Missouri,Linn,2021-08-07 12:26:13.988007,2020-09-29 00:00:00.000000,0.34531346,0.53302034,0.78146759,41,63,93,25,45,72,0.21603858,0.37762666,0.60598554,0.02921883,0.06161223,0.13339715
29115,0,USMissouriLinn,Missouri,Linn,2021-08-07 12:26:13.988007,2020-09-30 00:00:00.000000,0.39749722,0.57586965,0.83547851,47,68,99,32,48,77,0.27130668,0.40988104,0.65241409,0.02874383,0.06239789,0.13183115
29115,0,USMissouriLinn,Missouri,Linn,2021-08-07 12:26:13.988007,2020-10-01 00:00:00.000000,0.43358465,0.61907689,0.88556602,51,73,105,37,53,82,0.31303842,0.44831101,0.69600707,0.02819405,0.06237364,0.12368441
29115,0,USMissouriLinn,Missouri,Linn,2021-08-07 12:26:13.988007,2020-10-02 00:00:00.000000,0.49058652,0.66663237,0.93186034,58,79,111,40,57,87,0.33956471,0.48223615,0.73681889,0.02774640,0.06417833,0.11782797
29115,0,USMissouriLinn,Missouri,Linn,2021-08-07 12:26:13.988007,2020-10-03 00:00:00.000000,0.53232581,0.70085912,0.97459814,63,83,116,45,60,92,0.38077401,0.51059345,0.77487361,0.02740233,0.06337775,0.11498945
29115,0,USMissouriLinn,Missouri,Linn,2021-08-07 12:26:13.988007,2020-10-04 00:00:00.000000,0.56489663,0.72900783,1.01410564,67,86,120,48,63,96,0.40927096,0.53675068,0.80682078,0.02879498,0.06316225,0.11530559
29115,0,USMissouriLinn,Missouri,Linn,2021-08-07 12:26:13.988007,2020-10-05 00:00:00.000000,0.54241020,0.69877762,0.99980940,64,83,119,51,66,99,0.43394985,0.56161033,0.83465974,0.02871846,0.06206275,0.11342578
29115,0,USMissouriLinn,Missouri,Linn,2021-08-07 12:26:13.988007,2020-10-06 00:00:00.000000,0.50746194,0.66894941,0.98290429,60,79,117,49,64,98,0.41235427,0.54520622,0.82556794,0.02872003,0.06127172,0.11176586
29115,0,USMissouriLinn,Missouri,Linn,2021-08-07 12:26:13.988007,2020-10-07 00:00:00.000000,0.46910246,0.63890379,0.96157117,55,76,114,45,62,96,0.38331604,0.52170025,0.80667581,0.02877790,0.06232550,0.11204186
29115,0,USMissouriLinn,Missouri,Linn,2021-08-07 12:26:13.988007,2020-10-08 00:00:00.000000,0.44286059,0.60873031,0.94218989,52,72,112,43,59,93,0.36155922,0.49958799,0.78623406,0.02890571,0.06161439,0.11383534
29115,0,USMissouriLinn,Missouri,Linn,2021-08-07 12:26:13.988007,2020-10-09 00:00:00.000000,0.42084264,0.58173591,0.92500155,50,69,110,40,56,91,0.34390651,0.47651884,0.76653233,0.02916718,0.06354675,0.11490123
29115,0,USMissouriLinn,Missouri,Linn,2021-08-07 12:26:13.988007,2020-10-10 00:00:00.000000,0.39664612,0.55706724,0.90571999,47,66,107,38,54,89,0.32409192,0.45846171,0.75413751,0.02846615,0.06600581,0.12114935
29115,0,USMissouriLinn,Missouri,Linn,2021-08-07 12:26:13.988007,2020-10-11 00:00:00.000000,0.37542839,0.53395762,0.89195713,44,63,106,36,52,87,0.30644008,0.43962055,0.73109061,0.02778421,0.06662902,0.12427971
29115,0,USMissouriLinn,Missouri,Linn,2021-08-07 12:26:13.988007,2020-10-12 00:00:00.000000,0.35514934,0.52015382,0.85655304,42,62,102,34,50,85,0.29034948,0.42117362,0.71763036,0.02744760,0.06664065,0.12459219
29115,0,USMissouriLinn,Missouri,Linn,2021-08-07 12:26:13.988007,2020-10-13 00:00:00.000000,0.33703947,0.50289091,0.82742188,40,59,98,32,48,82,0.27517363,0.40834567,0.69180202,0.02728738,0.06671799,0.12420571
29115,0,USMissouriLinn,Missouri,Linn,2021-08-07 12:26:13.988007,2020-10-14 00:00:00.000000,0.32075845,0.48135520,0.79569439,38,57,94,31,48,80,0.26126102,0.40296767,0.67709850,0.02721549,0.06665554,0.12363271
29115,0,USMissouriLinn,Missouri,Linn,2021-08-07 12:26:13.988007,2020-10-15 00:00:00.000000,0.30633294,0.46406543,0.76686189,36,55,91,29,45,79,0.24886516,0.38305115,0.66279619,0.02719679,0.06669610,0.12301345
29115,0,USMissouriLinn,Missouri,Linn,2021-08-07 12:26:13.988007,2020-10-16 00:00:00.000000,0.29352054,0.45092180,0.74057814,34,53,88,28,43,76,0.23779912,0.36427484,0.64384065,0.02726602,0.06816544,0.12246017
29115,0,USMissouriLinn,Missouri,Linn,2021-08-07 12:26:13.988007,2020-10-17 00:00:00.000000,0.28214232,0.43153344,0.71637914,33,51,85,27,42,74,0.22790420,0.35459750,0.62264743,0.02772919,0.06709325,0.12206934
29115,0,USMissouriLinn,Missouri,Linn,2021-08-07 12:26:13.988007,2020-10-18 00:00:00.000000,0.26975135,0.41623865,0.72519653,32,49,86,26,41,71,0.21907826,0.34520052,0.60311617,0.02863091,0.06575452,0.12181260
29115,0,USMissouriLinn,Missouri,Linn,2021-08-07 12:26:13.988007,2020-10-19 00:00:00.000000,0.26398377,0.40293802,0.68272018,31,48,81,25,39,69,0.21139271,0.33208577,0.58511512,0.02872651,0.06479599,0.12160307
29115,0,USMissouriLinn,Missouri,Linn,2021-08-07 12:26:13.988007,2020-10-20 00:00:00.000000,0.25942792,0.39374742,0.68137020,30,46,81,25,38,67,0.21009690,0.32704308,0.56861529,0.03009274,0.06479440,0.12143735
29115,0,USMissouriLinn,Missouri,Linn,2021-08-07 12:26:13.988007,2020-10-21 00:00:00.000000,0.25012037,0.38343710,0.69692754,29,45,83,23,37,67,0.20121390,0.31359672,0.56463687,0.03022293,0.06554519,0.12131461
29115,0,USMissouriLinn,Missouri,Linn,2021-08-07 12:26:13.988007,2020-10-22 00:00:00.000000,0.24004140,0.36546362,0.67993385,28,43,81,22,36,67,0.19202279,0.30347977,0.56513018,0.03058942,0.06732315,0.12119251
29115,0,USMissouriLinn,Missouri,Linn,2021-08-07 12:26:13.988007,2020-10-23 00:00:00.000000,0.22965823,0.35522367,0.68165602,27,42,81,22,34,65,0.18812727,0.29241922,0.55236485,0.03145067,0.06698644,0.12219688
29115,0,USMissouriLinn,Missouri,Linn,2021-08-07 12:26:13.988007,2020-10-24 00:00:00.000000,0.22273663,0.34680895,0.68618021,26,41,81,21,33,64,0.17874064,0.28223334,0.53883313,0.03286137,0.06815592,0.12742839
29115,0,USMissouriLinn,Missouri,Linn,2021-08-07 12:26:13.988007,2020-10-25 00:00:00.000000,0.21809399,0.33515230,0.69287391,25,39,82,20,32,64,0.17128163,0.27199821,0.53998229,0.03284141,0.07076876,0.12922691
29115,0,USMissouriLinn,Missouri,Linn,2021-08-07 12:26:13.988007,2020-10-26 00:00:00.000000,0.23416899,0.34035742,0.70257963,27,40,83,19,31,64,0.16760428,0.26658148,0.54518607,0.03282265,0.07043794,0.13097401
29115,0,USMissouriLinn,Missouri,Linn,2021-08-07 12:26:13.988007,2020-10-27 00:00:00.000000,0.23036856,0.35104025,0.71373594,27,41,85,21,31,65,0.17881916,0.26601244,0.55258120,0.03251466,0.07064094,0.13193400
29115,0,USMissouriLinn,Missouri,Linn,2021-08-07 12:26:13.988007,2020-10-28 00:00:00.000000,0.22060598,0.35902481,0.72567656,26,42,86,21,32,66,0.17769571,0.27490595,0.56116802,0.03157209,0.07036800,0.13265635
29115,0,USMissouriLinn,Missouri,Linn,2021-08-07 12:26:13.988007,2020-10-29 00:00:00.000000,0.21679290,0.36786884,0.75185213,25,43,89,20,33,67,0.17230405,0.27791955,0.57028738,0.03116362,0.06851819,0.13452567
29115,0,USMissouriLinn,Missouri,Linn,2021-08-07 12:26:13.988007,2020-10-30 00:00:00.000000,0.21113520,0.36375124,0.76373350,25,43,91,20,33,71,0.17152568,0.28060663,0.60056025,0.03206857,0.06805489,0.13687127
29115,0,USMissouriLinn,Missouri,Linn,2021-08-07 12:26:13.988007,2020-10-31 00:00:00.000000,0.20458469,0.36823731,0.76174606,24,43,90,19,33,74,0.16628824,0.28384457,0.62647759,0.03309872,0.07046378,0.14955513
29115,0,USMissouriLinn,Missouri,Linn,2021-08-07 12:26:13.988007,2020-11-01 00:00:00.000000,0.19641932,0.37568599,0.76437960,23,44,91,19,34,74,0.15941942,0.28689049,0.62540884,0.03350974,0.07415664,0.15229004
29115,0,USMissouriLinn,Missouri,Linn,2021-08-07 12:26:13.988007,2020-11-02 00:00:00.000000,0.21557571,0.38588699,0.81066924,25,45,96,18,34,74,0.15458218,0.29019106,0.62404222,0.03400267,0.07460576,0.15327256
29115,0,USMissouriLinn,Missouri,Linn,2021-08-07 12:26:13.988007,2020-11-03 00:00:00.000000,0.22583707,0.39425225,0.82641351,26,46,98,20,35,76,0.16963179,0.29618278,0.64299044,0.03440321,0.07436800,0.15578190
29115,0,USMissouriLinn,Missouri,Linn,2021-08-07 12:26:13.988007,2020-11-04 00:00:00.000000,0.23075088,0.40641758,0.82695638,27,48,98,21,35,79,0.17849796,0.30100539,0.66595086,0.03463185,0.07412019,0.15617264
29115,0,USMissouriLinn,Missouri,Linn,2021-08-07 12:26:13.988007,2020-11-05 00:00:00.000000,0.23044723,0.42018740,0.83310760,27,50,99,21,38,79,0.17820058,0.32036045,0.66903866,0.03474841,0.07408476,0.15970310
29115,0,USMissouriLinn,Missouri,Linn,2021-08-07 12:26:13.988007,2020-11-06 00:00:00.000000,0.23159325,0.43642561,0.83621834,27,52,99,21,39,80,0.17984534,0.32761832,0.67202774,0.03271435,0.07794130,0.15995621
29115,0,USMissouriLinn,Missouri,Linn,2021-08-07 12:26:13.988007,2020-11-07 00:00:00.000000,0.23553781,0.45336036,0.85149731,28,54,101,21,40,80,0.18313390,0.34112952,0.67462967,0.03106672,0.08121615,0.16374086
29115,0,USMissouriLinn,Missouri,Linn,2021-08-07 12:26:13.988007,2020-11-08 00:00:00.000000,0.24024985,0.46359269,0.89117890,28,55,106,22,41,80,0.18611036,0.35159319,0.67656119,0.02833556,0.08070038,0.17036405
29115,0,USMissouriLinn,Missouri,Linn,2021-08-07 12:26:13.988007,2020-11-09 00:00:00.000000,0.26470852,0.50654513,0.88309276,31,60,105,22,43,82,0.18869182,0.36227156,0.69137357,0.03089484,0.08050361,0.16689036
29115,0,USMissouriLinn,Missouri,Linn,2021-08-07 12:26:13.988007,2020-11-10 00:00:00.000000,0.28273303,0.54727367,0.90680334,33,65,108,24,47,85,0.20440287,0.40029307,0.72139750,0.03276439,0.08191264,0.14908333
29115,0,USMissouriLinn,Missouri,Linn,2021-08-07 12:26:13.988007,2020-11-11 00:00:00.000000,0.28318834,0.59353477,0.93925881,33,70,111,25,52,85,0.21676480,0.43696690,0.71502794,0.03246214,0.08182661,0.14849116
29115,0,USMissouriLinn,Missouri,Linn,2021-08-07 12:26:13.988007,2020-11-12 00:00:00.000000,0.29532121,0.63531202,0.97802442,35,75,116,26,55,88,0.21933135,0.46707132,0.74043976,0.03235508,0.08172582,0.14856284
29115,0,USMissouriLinn,Missouri,Linn,2021-08-07 12:26:13.988007,2020-11-13 00:00:00.000000,0.30618487,0.66811436,1.01475868,36,79,120,27,58,93,0.22826538,0.49269938,0.78282810,0.03241012,0.08136922,0.14854795
29115,0,USMissouriLinn,Missouri,Linn,2021-08-07 12:26:13.988007,2020-11-14 00:00:00.000000,0.31592206,0.69523536,1.05252923,37,82,125,28,62,98,0.23636657,0.52342812,0.82336752,0.03224154,0.08118329,0.14845549
29115,0,USMissouriLinn,Missouri,Linn,2021-08-07 12:26:13.988007,2020-11-15 00:00:00.000000,0.32468021,0.73371116,1.08095812,38,87,128,29,65,100,0.24370117,0.54871980,0.84267423,0.03061329,0.08147636,0.14996213
29115,0,USMissouriLinn,Missouri,Linn,2021-08-07 12:26:13.988007,2020-11-16 00:00:00.000000,0.35845349,0.71476660,1.04018249,42,85,123,29,68,104,0.25035294,0.57267500,0.87792455,0.02977278,0.08103545,0.15223671
29115,0,USMissouriLinn,Missouri,Linn,2021-08-07 12:26:13.988007,2020-11-17 00:00:00.000000,0.35846035,0.69688934,1.03448710,42,83,123,32,66,101,0.27579560,0.55584272,0.85345748,0.02944187,0.08061067,0.14830712
29115,0,USMissouriLinn,Missouri,Linn,2021-08-07 12:26:13.988007,2020-11-18 00:00:00.000000,0.35781100,0.66540702,1.01437028,42,79,120,32,63,97,0.27523709,0.53219191,0.82107085,0.02943970,0.08023499,0.14841935
29115,0,USMissouriLinn,Missouri,Linn,2021-08-07 12:26:13.988007,2020-11-19 00:00:00.000000,0.35722942,0.63583432,0.98448785,42,75,117,32,61,96,0.27508871,0.51666922,0.80984138,0.02930113,0.08110226,0.14957862
29115,0,USMissouriLinn,Missouri,Linn,2021-08-07 12:26:13.988007,2020-11-20 00:00:00.000000,0.35725137,0.62202192,1.00071982,42,74,119,32,59,95,0.27475874,0.50137098,0.79808656,0.02934739,0.08124151,0.15697100
29115,0,USMissouriLinn,Missouri,Linn,2021-08-07 12:26:13.988007,2020-11-21 00:00:00.000000,0.35755409,0.60803094,0.98675449,42,72,117,32,57,92,0.27524096,0.48478837,0.77802147,0.03009604,0.08005734,0.16063861
29115,0,USMissouriLinn,Missouri,Linn,2021-08-07 12:26:13.988007,2020-11-22 00:00:00.000000,0.34912885,0.59771005,0.97298972,41,71,115,32,56,92,0.27602949,0.47533193,0.77879734,0.03131156,0.08485343,0.16200876
29115,0,USMissouriLinn,Missouri,Linn,2021-08-07 12:26:13.988007,2020-11-23 00:00:00.000000,0.33987370,0.58151465,0.99495402,40,69,118,32,55,91,0.27641354,0.46662789,0.76830278,0.03197626,0.08601627,0.16221083
29115,0,USMissouriLinn,Missouri,Linn,2021-08-07 12:26:13.988007,2020-11-24 00:00:00.000000,0.32363785,0.57350455,0.99808200,38,68,118,31,53,93,0.26496654,0.45078113,0.78349856,0.03267809,0.08409658,0.16080550
29115,0,USMissouriLinn,Missouri,Linn,2021-08-07 12:26:13.988007,2020-11-25 00:00:00.000000,0.31284707,0.56249517,0.95949866,37,67,114,30,53,91,0.25218533,0.44672435,0.76646871,0.03280361,0.08477742,0.15565543
29115,0,USMissouriLinn,Missouri,Linn,2021-08-07 12:26:13.988007,2020-11-26 00:00:00.000000,0.30435751,0.54930491,0.92557095,36,65,110,29,52,88,0.24333180,0.44271424,0.74331915,0.03251103,0.08360945,0.14566136
29115,0,USMissouriLinn,Missouri,Linn,2021-08-07 12:26:13.988007,2020-11-27 00:00:00.000000,0.29110480,0.53795611,0.89656572,34,64,106,28,51,85,0.23582503,0.43532383,0.71935707,0.03190887,0.08301802,0.14424906
29115,0,USMissouriLinn,Missouri,Linn,2021-08-07 12:26:13.988007,2020-11-28 00:00:00.000000,0.27677190,0.52820679,0.87225744,32,62,103,26,51,84,0.22562040,0.42823737,0.71060559,0.03224817,0.08407500,0.13872276
29115,0,USMissouriLinn,Missouri,Linn,2021-08-07 12:26:13.988007,2020-11-29 00:00:00.000000,0.26356595,0.51024839,0.86135174,31,60,102,25,49,85,0.21530204,0.41899502,0.71540677,0.03308085,0.08537348,0.14343536
29115,0,USMissouriLinn,Missouri,Linn,2021-08-07 12:26:13.988007,2020-11-30 00:00:00.000000,0.25801288,0.49696695,0.88582942,30,59,105,24,48,85,0.20570834,0.40703274,0.71968270,0.03483881,0.08781656,0.14545871
29115,0,USMissouriLinn,Missouri,Linn,2021-08-07 12:26:13.988007,2020-12-01 00:00:00.000000,0.25817580,0.49050804,0.87893841,30,58,104,24,47,86,0.20235887,0.39710462,0.72449799,0.03736117,0.08686092,0.14548975
29115,0,USMissouriLinn,Missouri,Linn,2021-08-07 12:26:13.988007,2020-12-02 00:00:00.000000,0.25943415,0.48473961,0.86893252,30,57,103,24,45,84,0.20279371,0.38506275,0.70632494,0.03615462,0.08662690,0.14545177
29115,0,USMissouriLinn,Missouri,Linn,2021-08-07 12:26:13.988007,2020-12-03 00:00:00.000000,0.26051666,0.46503463,0.88974266,31,55,106,24,45,85,0.20305462,0.38119219,0.72008212,0.03522012,0.08355650,0.13857140
29115,0,USMissouriLinn,Missouri,Linn,2021-08-07 12:26:13.988007,2020-12-04 00:00:00.000000,0.26127658,0.44768785,0.90493456,31,53,107,24,44,87,0.20323414,0.37161367,0.73637299,0.03476143,0.08119536,0.14473626
29115,0,USMissouriLinn,Missouri,Linn,2021-08-07 12:26:13.988007,2020-12-05 00:00:00.000000,0.26116803,0.43358442,0.91481508,31,51,109,24,42,89,0.20349375,0.35687353,0.74853364,0.03575717,0.07934401,0.14291843
29115,0,USMissouriLinn,Missouri,Linn,2021-08-07 12:26:13.988007,2020-12-06 00:00:00.000000,0.26185124,0.42293034,0.92257561,31,50,109,24,41,90,0.20376390,0.34754479,0.75659747,0.03882083,0.07937736,0.15279247
29115,0,USMissouriLinn,Missouri,Linn,2021-08-07 12:26:13.988007,2020-12-07 00:00:00.000000,0.27450668,0.42224493,0.89909032,32,50,107,23,40,90,0.19769446,0.33657892,0.76321172,0.04014998,0.07827624,0.16128364
29115,0,USMissouriLinn,Missouri,Linn,2021-08-07 12:26:13.988007,2020-12-08 00:00:00.000000,0.26545939,0.42207739,0.87536907,31,50,104,25,39,88,0.21021000,0.33207447,0.74550751,0.04033601,0.07769326,0.16402273
29115,0,USMissouriLinn,Missouri,Linn,2021-08-07 12:26:13.988007,2020-12-09 00:00:00.000000,0.25570687,0.41771324,0.85049989,30,49,101,24,39,86,0.20283342,0.33364004,0.72599276,0.04050509,0.07907122,0.16420850
29115,0,USMissouriLinn,Missouri,Linn,2021-08-07 12:26:13.988007,2020-12-10 00:00:00.000000,0.24715287,0.41410783,0.83246896,29,49,99,23,39,84,0.19722700,0.33145178,0.70770742,0.04068648,0.07914464,0.16421582
29115,0,USMissouriLinn,Missouri,Linn,2021-08-07 12:26:13.988007,2020-12-11 00:00:00.000000,0.24268276,0.42102022,0.81661481,28,50,97,23,39,82,0.19434135,0.33046190,0.69080065,0.04093412,0.08119302,0.16361129
29115,0,USMissouriLinn,Missouri,Linn,2021-08-07 12:26:13.988007,2020-12-12 00:00:00.000000,0.23572946,0.42594855,0.80136307,28,50,95,22,39,80,0.18978081,0.32834649,0.67511645,0.04128706,0.08247527,0.15712609
29115,0,USMissouriLinn,Missouri,Linn,2021-08-07 12:26:13.988007,2020-12-13 00:00:00.000000,0.22756930,0.42773247,0.81442913,27,50,97,21,39,78,0.18276670,0.33425640,0.66155984,0.04129757,0.08504757,0.15757769
29115,0,USMissouriLinn,Missouri,Linn,2021-08-07 12:26:13.988007,2020-12-14 00:00:00.000000,0.22928312,0.41269497,0.78237099,27,49,93,21,39,77,0.17648227,0.33402816,0.64899231,0.04187302,0.08358954,0.15073913
29115,0,USMissouriLinn,Missouri,Linn,2021-08-07 12:26:13.988007,2020-12-15 00:00:00.000000,0.23246338,0.39633779,0.78563663,27,47,93,21,38,76,0.17633716,0.32226440,0.64179675,0.04208063,0.08384493,0.14520264
29115,0,USMissouriLinn,Missouri,Linn,2021-08-07 12:26:13.988007,2020-12-16 00:00:00.000000,0.23675367,0.39195829,0.79873823,28,46,95,21,37,75,0.17935754,0.31052425,0.63695679,0.04220530,0.08362512,0.14163351
29115,0,USMissouriLinn,Missouri,Linn,2021-08-07 12:26:13.988007,2020-12-17 00:00:00.000000,0.23277038,0.39028862,0.80908743,27,46,96,21,36,77,0.18226135,0.30866684,0.64665286,0.04307940,0.08370129,0.13608430
29115,0,USMissouriLinn,Missouri,Linn,2021-08-07 12:26:13.988007,2020-12-18 00:00:00.000000,0.22127242,0.38299952,0.81693547,26,45,97,21,36,78,0.18083170,0.30396421,0.65439014,0.04591549,0.08620176,0.14120100
29115,0,USMissouriLinn,Missouri,Linn,2021-08-07 12:26:13.988007,2020-12-19 00:00:00.000000,0.21043826,0.38098405,0.82259374,25,45,98,20,35,78,0.17216577,0.29934966,0.65969736,0.04669147,0.08612659,0.14218143
29115,0,USMissouriLinn,Missouri,Linn,2021-08-07 12:26:13.988007,2020-12-20 00:00:00.000000,0.20020260,0.38190424,0.82706109,23,45,98,19,36,79,0.16392711,0.30550882,0.66388041,0.04721411,0.08564866,0.14703526
29115,0,USMissouriLinn,Missouri,Linn,2021-08-07 12:26:13.988007,2020-12-21 00:00:00.000000,0.21227044,0.37333814,0.81514331,25,44,97,18,36,79,0.15608906,0.30761113,0.66749349,0.04879883,0.08793221,0.14969370
29115,0,USMissouriLinn,Missouri,Linn,2021-08-07 12:26:13.988007,2020-12-22 00:00:00.000000,0.22494361,0.36783091,0.79098887,26,43,94,19,35,77,0.16491788,0.29474244,0.65120278,0.04951227,0.08945042,0.15099502
29115,0,USMissouriLinn,Missouri,Linn,2021-08-07 12:26:13.988007,2020-12-23 00:00:00.000000,0.22099976,0.36220880,0.79130615,26,43,94,20,35,77,0.17570829,0.29569750,0.65127037,0.05036268,0.09246777,0.15159383
29115,0,USMissouriLinn,Missouri,Linn,2021-08-07 12:26:13.988007,2020-12-24 00:00:00.000000,0.21073532,0.35517680,0.77988639,25,42,92,19,34,76,0.16708846,0.28838045,0.64240379,0.05055467,0.09264119,0.15184798
29115,0,USMissouriLinn,Missouri,Linn,2021-08-07 12:26:13.988007,2020-12-25 00:00:00.000000,0.20269197,0.34742210,0.76937157,24,41,91,19,33,75,0.16050152,0.28187568,0.63386588,0.05092117,0.09213296,0.15189464
29115,0,USMissouriLinn,Missouri,Linn,2021-08-07 12:26:13.988007,2020-12-26 00:00:00.000000,0.19458452,0.34731989,0.76040338,23,41,90,18,32,74,0.15379906,0.27541973,0.62583815,0.05164140,0.09158947,0.14944808
29115,0,USMissouriLinn,Missouri,Linn,2021-08-07 12:26:13.988007,2020-12-27 00:00:00.000000,0.18739977,0.34908951,0.75401482,22,41,89,17,32,73,0.14786635,0.27432592,0.61878834,0.05204334,0.09531364,0.15103687
29115,0,USMissouriLinn,Missouri,Linn,2021-08-07 12:26:13.988007,2020-12-28 00:00:00.000000,0.18716796,0.34850664,0.75376154,22,41,89,16,32,73,0.14258262,0.27296487,0.61352275,0.05390740,0.09507056,0.15119563
29115,0,USMissouriLinn,Missouri,Linn,2021-08-07 12:26:13.988007,2020-12-29 00:00:00.000000,0.18752588,0.35131929,0.75403827,22,41,89,17,32,73,0.14336448,0.26869055,0.61256115,0.05502469,0.09602596,0.15428090
29115,0,USMissouriLinn,Missouri,Linn,2021-08-07 12:26:13.988007,2020-12-30 00:00:00.000000,0.18873109,0.36053740,0.75408538,22,42,89,17,32,73,0.14421896,0.27653190,0.61261978,0.05537487,0.09678325,0.15454559
29115,0,USMissouriLinn,Missouri,Linn,2021-08-07 12:26:13.988007,2020-12-31 00:00:00.000000,0.19317923,0.36124471,0.75291681,23,43,89,17,33,72,0.14499248,0.28422728,0.61238042,0.05586955,0.09832002,0.15499775
29115,0,USMissouriLinn,Missouri,Linn,2021-08-07 12:26:13.988007,2021-01-01 00:00:00.000000,0.19321810,0.36524258,0.75061479,23,43,89,18,33,72,0.15106678,0.28160142,0.61126265,0.05678869,0.09901278,0.15581001
29115,0,USMissouriLinn,Missouri,Linn,2021-08-07 12:26:13.988007,2021-01-02 00:00:00.000000,0.19133084,0.37813180,0.74763019,22,45,89,17,34,72,0.15090155,0.28570426,0.60931387,0.05849426,0.09976192,0.15678273
29115,0,USMissouriLinn,Missouri,Linn,2021-08-07 12:26:13.988007,2021-01-03 00:00:00.000000,0.18773061,0.37930003,0.74427023,22,45,88,17,34,72,0.14910745,0.28964250,0.60686936,0.06096877,0.10109711,0.15681003
29115,0,USMissouriLinn,Missouri,Linn,2021-08-07 12:26:13.988007,2021-01-04 00:00:00.000000,0.21281919,0.40312358,0.73878675,25,48,88,17,35,72,0.14711832,0.29480314,0.60416906,0.06355473,0.10201841,0.15653423
29115,0,USMissouriLinn,Missouri,Linn,2021-08-07 12:26:13.988007,2021-01-05 00:00:00.000000,0.22677654,0.41883144,0.73307653,27,49,87,19,36,71,0.16741560,0.30856624,0.60005146,0.06505838,0.10330295,0.15460302
29115,0,USMissouriLinn,Missouri,Linn,2021-08-07 12:26:13.988007,2021-01-06 00:00:00.000000,0.23577745,0.44303578,0.75508439,28,52,90,20,39,70,0.17508622,0.33144701,0.59551759,0.06661953,0.10492294,0.15811553
29115,0,USMissouriLinn,Missouri,Linn,2021-08-07 12:26:13.988007,2021-01-07 00:00:00.000000,0.24128620,0.46118082,0.76033119,28,54,90,21,40,70,0.18390088,0.34391722,0.59242774,0.06837632,0.10601265,0.15538650
29115,0,USMissouriLinn,Missouri,Linn,2021-08-07 12:26:13.988007,2021-01-08 00:00:00.000000,0.24644733,0.48700126,0.75477046,29,58,89,22,42,72,0.19251057,0.36004320,0.61113748,0.07126749,0.10563043,0.15570269
29115,0,USMissouriLinn,Missouri,Linn,2021-08-07 12:26:13.988007,2021-01-09 00:00:00.000000,0.25130567,0.49026831,0.77223354,29,58,92,23,45,74,0.19729642,0.37928108,0.62226469,0.07145274,0.10681817,0.15594304
29115,0,USMissouriLinn,Missouri,Linn,2021-08-07 12:26:13.988007,2021-01-10 00:00:00.000000,0.25587329,0.51397025,0.81898884,30,61,97,24,46,73,0.20167910,0.39129601,0.61660745,0.07142116,0.10740406,0.16076443
29115,0,USMissouriLinn,Missouri,Linn,2021-08-07 12:26:13.988007,2021-01-11 00:00:00.000000,0.27003170,0.50838115,0.78596529,32,60,93,24,48,76,0.20168446,0.40512058,0.64132830,0.07141674,0.11232703,0.15771443
29115,0,USMissouriLinn,Missouri,Linn,2021-08-07 12:26:13.988007,2021-01-12 00:00:00.000000,0.27421532,0.49613465,0.76600723,32,59,91,25,46,75,0.21440667,0.39302474,0.63469672,0.07147902,0.11299084,0.15618558
29115,0,USMissouriLinn,Missouri,Linn,2021-08-07 12:26:13.988007,2021-01-13 00:00:00.000000,0.26499631,0.48659396,0.75548582,31,58,90,24,45,73,0.20723944,0.38522302,0.61951535,0.07174504,0.11205943,0.15590248
29115,0,USMissouriLinn,Missouri,Linn,2021-08-07 12:26:13.988007,2021-01-14 00:00:00.000000,0.25667507,0.47572008,0.76003540,30,56,90,23,44,74,0.20072458,0.37527899,0.62360912,0.07313149,0.11330337,0.15928533
29115,0,USMissouriLinn,Missouri,Linn,2021-08-07 12:26:13.988007,2021-01-15 00:00:00.000000,0.24921597,0.46524288,0.76549787,29,55,91,23,43,74,0.19481003,0.36441408,0.62693128,0.07617656,0.11660184,0.16225596
29115,0,USMissouriLinn,Missouri,Linn,2021-08-07 12:26:13.988007,2021-01-16 00:00:00.000000,0.24254626,0.45751386,0.77794828,28,54,92,22,43,75,0.18968994,0.36245453,0.62985139,0.07822684,0.11838651,0.15917118
29115,0,USMissouriLinn,Missouri,Linn,2021-08-07 12:26:13.988007,2021-01-17 00:00:00.000000,0.23555085,0.45681060,0.79046003,28,54,94,22,42,75,0.18512076,0.35962040,0.63180935,0.07724833,0.12112606,0.16341308
29115,0,USMissouriLinn,Missouri,Linn,2021-08-07 12:26:13.988007,2021-01-18 00:00:00.000000,0.22987938,0.44823191,0.76813701,27,53,91,21,42,75,0.18031587,0.35565874,0.63641014,0.07771472,0.12074999,0.16849448
29115,0,USMissouriLinn,Missouri,Linn,2021-08-07 12:26:13.988007,2021-01-19 00:00:00.000000,0.22508790,0.44598677,0.74559793,26,53,88,21,42,74,0.17882815,0.35266229,0.62277074,0.07768088,0.12179857,0.16855888
29115,0,USMissouriLinn,Missouri,Linn,2021-08-07 12:26:13.988007,2021-01-20 00:00:00.000000,0.22285266,0.44325980,0.72822053,26,52,86,21,41,72,0.17746990,0.34936209,0.61190088,0.07746470,0.12467545,0.16855735
29115,0,USMissouriLinn,Missouri,Linn,2021-08-07 12:26:13.988007,2021-01-21 00:00:00.000000,0.22213577,0.43846089,0.72980670,26,52,86,21,40,71,0.17677996,0.34278351,0.59748232,0.07791311,0.12866999,0.16917988
29115,0,USMissouriLinn,Missouri,Linn,2021-08-07 12:26:13.988007,2021-01-22 00:00:00.000000,0.22141700,0.43416760,0.74543628,26,51,88,20,40,69,0.17611021,0.33963878,0.58452704,0.08132951,0.12998563,0.17061725
29115,0,USMissouriLinn,Missouri,Linn,2021-08-07 12:26:13.988007,2021-01-23 00:00:00.000000,0.22071833,0.42926333,0.76431452,26,51,91,20,40,71,0.17546838,0.33981361,0.59585426,0.08865127,0.13227960,0.17772369
29115,0,USMissouriLinn,Missouri,Linn,2021-08-07 12:26:13.988007,2021-01-24 00:00:00.000000,0.22007247,0.43146086,0.78412464,26,51,93,20,40,72,0.17486297,0.33746978,0.61065078,0.09362712,0.13520023,0.18357910
29115,0,USMissouriLinn,Missouri,Linn,2021-08-07 12:26:13.988007,2021-01-25 00:00:00.000000,0.21609152,0.42605516,0.77513645,25,50,92,20,40,74,0.17431717,0.33741309,0.62608640,0.09584515,0.13890054,0.18737660
29115,0,USMissouriLinn,Missouri,Linn,2021-08-07 12:26:13.988007,2021-01-26 00:00:00.000000,0.21958247,0.41911250,0.76564961,26,49,91,20,39,73,0.16935249,0.33265505,0.62008871,0.09695344,0.14169246,0.18972488
29115,0,USMissouriLinn,Missouri,Linn,2021-08-07 12:26:13.988007,2021-01-27 00:00:00.000000,0.22338592,0.41722715,0.75351457,26,49,89,20,38,72,0.17235608,0.32654909,0.61138302,0.10156137,0.14400833,0.19115345
29115,0,USMissouriLinn,Missouri,Linn,2021-08-07 12:26:13.988007,2021-01-28 00:00:00.000000,0.22649701,0.41052499,0.74173671,26,48,88,20,38,71,0.17487702,0.32374128,0.60261390,0.10215018,0.14768196,0.19287378
29115,0,USMissouriLinn,Missouri,Linn,2021-08-07 12:26:13.988007,2021-01-29 00:00:00.000000,0.22904634,0.40868364,0.73487939,27,48,87,21,38,69,0.17703532,0.32159090,0.58434639,0.10547549,0.15004643,0.19527194
29115,0,USMissouriLinn,Missouri,Linn,2021-08-07 12:26:13.988007,2021-01-30 00:00:00.000000,0.23121391,0.40811601,0.72125805,27,48,85,21,38,69,0.17883664,0.32028966,0.58669445,0.11470157,0.15182034,0.20143282
29115,0,USMissouriLinn,Missouri,Linn,2021-08-07 12:26:13.988007,2021-01-31 00:00:00.000000,0.23314079,0.41541837,0.71222952,27,49,84,21,38,69,0.18041182,0.31933336,0.57944946,0.11713790,0.16002611,0.21670235
29115,0,USMissouriLinn,Missouri,Linn,2021-08-07 12:26:13.988007,2021-02-01 00:00:00.000000,0.23971596,0.42182157,0.70685850,28,50,84,21,38,68,0.18184869,0.32044102,0.57252260,0.12192360,0.16457584,0.21943873
29115,0,USMissouriLinn,Missouri,Linn,2021-08-07 12:26:13.988007,2021-02-02 00:00:00.000000,0.24269438,0.42704454,0.70276436,28,50,83,21,39,67,0.18275742,0.33076385,0.56819094,0.12794875,0.16856380,0.22215777
29115,0,USMissouriLinn,Missouri,Linn,2021-08-07 12:26:13.988007,2021-02-03 00:00:00.000000,0.25299836,0.43338420,0.70070992,30,51,83,22,39,67,0.18940866,0.33531875,0.56504380,0.13709884,0.17751299,0.22748466
29115,0,USMissouriLinn,Missouri,Linn,2021-08-07 12:26:13.988007,2021-02-04 00:00:00.000000,0.26966207,0.44731941,0.70075155,32,53,83,24,40,67,0.20253583,0.34361168,0.56326639,0.14022154,0.18523782,0.23115771
29115,0,USMissouriLinn,Missouri,Linn,2021-08-07 12:26:13.988007,2021-02-05 00:00:00.000000,0.28577845,0.45832222,0.70356060,34,54,83,25,41,67,0.21522514,0.34600322,0.56717484,0.14270559,0.19429049,0.24871724
29115,0,USMissouriLinn,Missouri,Linn,2021-08-07 12:26:13.988007,2021-02-06 00:00:00.000000,0.29804667,0.47593136,0.72317978,35,56,86,27,42,69,0.22761425,0.36024118,0.58027167,0.15121852,0.20106516,0.25166459
29115,0,USMissouriLinn,Missouri,Linn,2021-08-07 12:26:13.988007,2021-02-07 00:00:00.000000,0.29218330,0.49069011,0.74595430,34,58,88,27,43,71,0.23199867,0.36115811,0.59636067,0.15795713,0.21450743,0.29289761
29115,0,USMissouriLinn,Missouri,Linn,2021-08-07 12:26:13.988007,2021-02-08 00:00:00.000000,0.30438225,0.51251577,0.75691327,36,61,90,27,44,73,0.22821163,0.37138009,0.61426728,0.16089626,0.22449872,0.31680841
29115,0,USMissouriLinn,Missouri,Linn,2021-08-07 12:26:13.988007,2021-02-09 00:00:00.000000,0.32296143,0.54022452,0.77903976,38,64,92,27,47,74,0.22924777,0.39790840,0.62620099,0.16987240,0.23506794,0.34345062
29115,0,USMissouriLinn,Missouri,Linn,2021-08-07 12:26:13.988007,2021-02-10 00:00:00.000000,0.33238401,0.56215915,0.81363309,39,67,96,30,49,77,0.25366768,0.41659609,0.65287198,0.17137958,0.24419320,0.35918858
29115,0,USMissouriLinn,Missouri,Linn,2021-08-07 12:26:13.988007,2021-02-11 00:00:00.000000,0.33848484,0.58379294,0.85261642,40,69,101,31,51,81,0.26264614,0.43272049,0.68122889,0.17396451,0.25481021,0.37307307
29115,0,USMissouriLinn,Missouri,Linn,2021-08-07 12:26:13.988007,2021-02-12 00:00:00.000000,0.34727366,0.60942963,0.91838118,41,72,109,31,53,84,0.26789161,0.44853547,0.71233809,0.18301016,0.26847647,0.42014536
29115,0,USMissouriLinn,Missouri,Linn,2021-08-07 12:26:13.988007,2021-02-13 00:00:00.000000,0.36041427,0.63721032,0.94739732,42,75,112,32,56,88,0.27539248,0.47774736,0.73924755,0.19033027,0.28524669,0.42507980
29115,0,USMissouriLinn,Missouri,Linn,2021-08-07 12:26:13.988007,2021-02-14 00:00:00.000000,0.37968576,0.67684835,1.00932123,45,80,120,34,59,91,0.28653770,0.49727546,0.76805166,0.19977727,0.31534315,0.45178737
29115,0,USMissouriLinn,Missouri,Linn,2021-08-07 12:26:13.988007,2021-02-15 00:00:00.000000,0.43596769,0.73942594,1.08956026,51,88,129,36,62,100,0.30273400,0.52481622,0.84135229,0.21170225,0.33599943,0.46831130
29115,0,USMissouriLinn,Missouri,Linn,2021-08-07 12:26:13.988007,2021-02-16 00:00:00.000000,0.50373663,0.80922244,1.17669068,60,96,140,41,68,107,0.35232311,0.57407237,0.90093721,0.23455619,0.36061813,0.49575767
29115,0,USMissouriLinn,Missouri,Linn,2021-08-07 12:26:13.988007,2021-02-17 00:00:00.000000,0.58445549,0.90009049,1.27212713,69,107,151,48,74,114,0.40928239,0.62569268,0.96337811,0.26879979,0.38504702,0.53467246
29115,0,USMissouriLinn,Missouri,Linn,2021-08-07 12:26:13.988007,2021-02-18 00:00:00.000000,0.64145455,1.00350606,1.37863428,76,119,164,54,82,122,0.45312674,0.69376539,1.02974898,0.28457829,0.41291004,0.60199055
29115,0,USMissouriLinn,Missouri,Linn,2021-08-07 12:26:13.988007,2021-02-19 00:00:00.000000,0.74956870,1.11604371,1.53250986,89,133,182,58,93,132,0.49373833,0.78051107,1.10944832,0.29659790,0.47377937,0.66592865
29115,0,USMissouriLinn,Missouri,Linn,2021-08-07 12:26:13.988007,2021-02-20 00:00:00.000000,0.82224190,1.27479299,1.68136672,98,151,200,69,102,141,0.58090365,0.85826055,1.18851254,0.31486621,0.54984066,0.71615229
29115,0,USMissouriLinn,Missouri,Linn,2021-08-07 12:26:13.988007,2021-02-21 00:00:00.000000,0.97487245,1.48507052,1.93230855,116,177,230,80,117,155,0.67331489,0.98670714,1.30208778,0.34108782,0.58273081,0.75551615
29115,0,USMissouriLinn,Missouri,Linn,2021-08-07 12:26:13.988007,2021-02-22 00:00:00.000000,1.21126562,1.70505998,2.28523916,144,203,272,91,138,175,0.76908974,1.16436843,1.47401442,0.41408671,0.61751819,0.80274331
29115,0,USMissouriLinn,Missouri,Linn,2021-08-07 12:26:13.988007,2021-02-23 00:00:00.000000,1.49765585,1.99240986,2.69820269,178,237,321,114,160,201,0.96134253,1.34633756,1.69446218,0.46025993,0.64669778,0.87080467
29115,0,USMissouriLinn,Missouri,Linn,2021-08-07 12:26:13.988007,2021-02-24 00:00:00.000000,1.79733013,2.37440176,3.19602450,214,283,380,142,187,235,1.19455652,1.57462192,1.97959696,0.49466842,0.70655775,0.91584214
29115,0,USMissouriLinn,Missouri,Linn,2021-08-07 12:26:13.988007,2021-02-25 00:00:00.000000,2.20273408,2.84417880,3.77712512,262,339,450,174,220,278,1.46556749,1.85076345,2.34016564,0.56818973,0.75563516,0.95387104
29115,0,USMissouriLinn,Missouri,Linn,2021-08-07 12:26:13.988007,2021-02-26 00:00:00.000000,2.72453074,3.46458130,4.46364326,324,412,532,214,264,329,1.80307307,2.21644524,2.76475531,0.64175975,0.79727945,0.99842976
29115,0,USMissouriLinn,Missouri,Linn,2021-08-07 12:26:13.988007,2021-02-27 00:00:00.000000,3.40506356,4.25018352,5.36023016,405,506,638,266,322,392,2.23488080,2.70502083,3.29001794,0.71160431,0.88073248,1.02283069
29115,0,USMissouriLinn,Missouri,Linn,2021-08-07 12:26:13.988007,2021-02-28 00:00:00.000000,4.25183929,5.23937318,6.58228400,506,624,784,334,392,483,2.80243986,3.28963148,4.05533317,0.76476876,0.90432365,1.03447934
29115,0,USMissouriLinn,Missouri,Linn,2021-08-07 12:26:13.988007,2021-03-01 00:00:00.000000,5.31792316,6.42583486,8.04606705,633,765,959,416,483,592,3.49754909,4.05317942,4.97398738,0.79844936,0.91573039,1.03879064
29115,0,USMissouriLinn,Missouri,Linn,2021-08-07 12:26:13.988007,2021-03-02 00:00:00.000000,6.61064673,7.86180003,9.78051294,787,937,1165,520,594,720,4.37051548,4.98664040,6.04732996,0.82018681,0.91777431,1.03898085
29115,0,USMissouriLinn,Missouri,Linn,2021-08-07 12:26:13.988007,2021-03-03 00:00:00.000000,8.18032830,9.53622389,11.73937855,975,1136,1399,645,729,883,5.41456207,6.11856721,7.41574310,0.86142570,0.92379458,1.03903349
29115,0,USMissouriLinn,Missouri,Linn,2021-08-07 12:26:13.988007,2021-03-04 00:00:00.000000,10.05738758,11.57120457,14.05847098,1198,1379,1675,780,891,1078,6.55022605,7.48021782,9.04887309,0.88706321,0.92598842,1.03901574
29115,0,USMissouriLinn,Missouri,Linn,2021-08-07 12:26:13.988007,2021-03-05 00:00:00.000000,12.27781191,13.92840596,16.65988520,1463,1660,1985,939,1082,1309,7.87918088,9.08012834,10.98878804,0.88910824,0.92666415,1.03890777
29115,0,USMissouriLinn,Missouri,Linn,2021-08-07 12:26:13.988007,2021-03-06 00:00:00.000000,14.60128640,16.64396865,19.76857159,1740,1983,2356,1145,1302,1572,9.61316834,10.92497542,13.18865956,0.89231588,0.92712573,1.03409490
29115,0,USMissouriLinn,Missouri,Linn,2021-08-07 12:26:13.988007,2021-03-07 00:00:00.000000,17.16067758,19.68783650,23.27585034,2045,2346,2774,1373,1551,1867,11.52115547,13.01696381,15.66365580,0.89400222,0.92708222,1.02435455
29115,0,USMissouriLinn,Missouri,Linn,2021-08-07 12:26:13.988007,2021-03-08 00:00:00.000000,20.12076830,23.03443027,26.88022066,2398,2745,3204,1609,1828,2198,13.50636601,15.33967206,18.44179570,0.89313360,0.92555879,1.01484024
29115,0,USMissouriLinn,Missouri,Linn,2021-08-07 12:26:13.988007,2021-03-09 00:00:00.000000,23.64044745,26.46146742,30.67455126,2817,3154,3656,1866,2140,2552,15.65607078,17.95444890,21.41191400,0.88717733,0.92215614,1.01274635
29115,0,USMissouriLinn,Missouri,Linn,2021-08-07 12:26:13.988007,2021-03-10 00:00:00.000000,26.73480014,29.98716242,34.10113077,3186,3574,4064,2136,2463,2917,17.92778149,20.66786334,24.47175934,0.79080946,0.90120822,0.99277519
29115,0,USMissouriLinn,Missouri,Linn,2021-08-07 12:26:13.988007,2021-03-11 00:00:00.000000,29.41933555,32.71812634,36.09091773,3506,3900,4302,2407,2784,3243,20.20002954,23.35652243,27.20976016,0.45877799,0.77718849,0.94329179
29115,0,USMissouriLinn,Missouri,Linn,2021-08-07 12:26:13.988007,2021-03-12 00:00:00.000000,28.77666467,32.31906138,35.76980366,3430,3852,4263,2627,3005,3424,22.04247089,25.21115494,28.73035466,0.20765870,0.36292785,0.53231543
29115,0,USMissouriLinn,Missouri,Linn,2021-08-07 12:26:13.988007,2021-03-13 00:00:00.000000,26.94471303,30.55520757,34.02961430,3211,3642,4056,2594,2964,3401,21.76548305,24.87299100,28.53874358,0.11294927,0.19280061,0.31393629
29115,0,USMissouriLinn,Missouri,Linn,2021-08-07 12:26:13.988007,2021-03-14 00:00:00.000000,24.63289231,28.22732498,32.05205652,2936,3364,3820,2388,2801,3241,20.03642442,23.49993607,27.19453977,0.09692288,0.15101490,0.22300597
29115,0,USMissouriLinn,Missouri,Linn,2021-08-07 12:26:13.988007,2021-03-15 00:00:00.000000,21.82112413,25.87513603,29.86971125,2601,3084,3560,2172,2612,3042,18.22842505,21.91994103,25.52524500,0.08516890,0.13702576,0.20088906
29115,0,USMissouriLinn,Missouri,Linn,2021-08-07 12:26:13.988007,2021-03-16 00:00:00.000000,19.38751766,23.66340601,27.65310066,2310,2820,3296,1970,2407,2864,16.53523263,20.19425888,24.03331856,0.07731161,0.13082253,0.19159172
29115,0,USMissouriLinn,Missouri,Linn,2021-08-07 12:26:13.988007,2021-03-17 00:00:00.000000,17.29412599,21.62349223,25.55218954,2061,2577,3045,1768,2227,2696,14.83858768,18.68587995,22.61825420,0.07399895,0.12248421,0.18245440
29115,0,USMissouriLinn,Missouri,Linn,2021-08-07 12:26:13.988007,2021-03-18 00:00:00.000000,15.48277704,19.94280065,23.81571132,1845,2377,2838,1589,2050,2535,13.33883876,17.19853386,21.26809330,0.07275308,0.11314622,0.17160955
29115,0,USMissouriLinn,Missouri,Linn,2021-08-07 12:26:13.988007,2021-03-19 00:00:00.000000,13.90178597,18.32625267,22.25787963,1657,2184,2653,1431,1892,2383,12.01037576,15.87979091,19.99463736,0.07141157,0.10662878,0.16303734
29115,0,USMissouriLinn,Missouri,Linn,2021-08-07 12:26:13.988007,2021-03-20 00:00:00.000000,12.51024111,16.86095932,20.87774063,1491,2009,2488,1290,1740,2241,10.83026493,14.60184198,18.80489066,0.06944483,0.10079304,0.15205514
29115,0,USMissouriLinn,Missouri,Linn,2021-08-07 12:26:13.988007,2021-03-21 00:00:00.000000,11.27784219,15.45191010,19.61061247,1344,1841,2337,1165,1605,2109,9.77557262,13.46896895,17.69634946,0.06990652,0.09874149,0.14659663
29115,0,USMissouriLinn,Missouri,Linn,2021-08-07 12:26:13.988007,2021-03-22 00:00:00.000000,10.18175077,14.28210006,18.45325751,1213,1702,2199,1052,1481,1986,8.82973146,12.42662350,16.66219720,0.07095779,0.09817577,0.14160467
29115,0,USMissouriLinn,Missouri,Linn,2021-08-07 12:26:13.988007,2021-03-23 00:00:00.000000,9.20020824,13.15011490,17.37953920,1096,1567,2071,948,1361,1872,7.95991318,11.41915120,15.70528424,0.07099096,0.09710636,0.14051023
29115,0,USMissouriLinn,Missouri,Linn,2021-08-07 12:26:13.988007,2021-03-24 00:00:00.000000,8.31900022,12.05967729,16.37923890,991,1437,1952,853,1252,1765,7.15879035,10.50974196,14.80956961,0.07124354,0.09699425,0.14105515
29115,0,USMissouriLinn,Missouri,Linn,2021-08-07 12:26:13.988007,2021-03-25 00:00:00.000000,7.52725892,11.12538817,15.44281080,897,1326,1840,768,1153,1665,6.44709241,9.67526002,13.96828283,0.07103187,0.09732104,0.14177629
29115,0,USMissouriLinn,Missouri,Linn,2021-08-07 12:26:13.988007,2021-03-26 00:00:00.000000,6.81812237,10.24267779,14.56397014,812,1220,1736,693,1061,1570,5.81573777,8.90812683,13.17689650,0.07011871,0.09705353,0.14211892
29115,0,USMissouriLinn,Missouri,Linn,2021-08-07 12:26:13.988007,2021-03-27 00:00:00.000000,6.17993694,9.41563311,13.73791154,736,1122,1637,626,977,1481,5.25408522,8.19996682,12.43175082,0.06920862,0.09645624,0.14361065
29115,0,USMissouriLinn,Missouri,Linn,2021-08-07 12:26:13.988007,2021-03-28 00:00:00.000000,5.60393303,8.65680780,12.96084925,667,1031,1544,566,899,1398,4.75159339,7.54654970,11.72975414,0.06918079,0.09685652,0.14704145
29115,0,USMissouriLinn,Missouri,Linn,2021-08-07 12:26:13.988007,2021-03-29 00:00:00.000000,5.06236337,7.96819268,12.22011611,603,949,1456,512,827,1319,4.30017609,6.94595994,11.06831846,0.06430070,0.09718188,0.14852055
29115,0,USMissouriLinn,Missouri,Linn,2021-08-07 12:26:13.988007,2021-03-30 00:00:00.000000,4.56101038,7.33755185,11.52384194,543,874,1373,461,762,1244,3.87384210,6.39341682,10.43755497,0.06075371,0.09661554,0.15099494
29115,0,USMissouriLinn,Missouri,Linn,2021-08-07 12:26:13.988007,2021-03-31 00:00:00.000000,4.10680749,6.76005358,10.87115176,489,805,1295,415,701,1173,3.48846840,5.88581687,9.84366633,0.05973837,0.09739318,0.15300947
29115,0,USMissouriLinn,Missouri,Linn,2021-08-07 12:26:13.988007,2021-04-01 00:00:00.000000,3.69898892,6.23414821,10.24044660,440,743,1220,374,646,1105,3.14206512,5.41975269,9.27643040,0.05963578,0.09896705,0.15447559
29115,0,USMissouriLinn,Missouri,Linn,2021-08-07 12:26:13.988007,2021-04-02 00:00:00.000000,3.33338400,5.78369609,9.60231528,397,689,1144,337,596,1038,2.83096182,5.00673961,8.70995667,0.06041515,0.10064742,0.15829817
29115,0,USMissouriLinn,Missouri,Linn,2021-08-07 12:26:13.988007,2021-04-03 00:00:00.000000,3.00608082,5.36577824,9.00096242,358,639,1072,304,551,973,2.55498390,4.62968312,8.16700666,0.06270401,0.10092119,0.16245243
29115,0,USMissouriLinn,Missouri,Linn,2021-08-07 12:26:13.988007,2021-04-04 00:00:00.000000,2.72640801,4.97513236,8.43709004,324,593,1005,277,510,912,2.33196992,4.28011835,7.65662282,0.06478645,0.10291468,0.17058803
29115,0,USMissouriLinn,Missouri,Linn,2021-08-07 12:26:13.988007,2021-04-05 00:00:00.000000,2.49932664,4.60226501,7.90302119,297,548,942,254,471,855,2.13329011,3.95732269,7.17914519,0.06546457,0.10480961,0.17961075
29115,0,USMissouriLinn,Missouri,Linn,2021-08-07 12:26:13.988007,2021-04-06 00:00:00.000000,2.29699786,4.25913511,7.45088945,273,507,888,233,436,801,1.95504020,3.65982719,6.72606822,0.06665196,0.10864214,0.17880024
29115,0,USMissouriLinn,Missouri,Linn,2021-08-07 12:26:13.988007,2021-04-07 00:00:00.000000,2.13213947,3.92598166,7.05931183,254,467,841,213,403,755,1.79278868,3.38762822,6.34202106,0.06846679,0.11004153,0.17782504
29115,0,USMissouriLinn,Missouri,Linn,2021-08-07 12:26:13.988007,2021-04-08 00:00:00.000000,1.98709962,3.62484871,6.69102032,236,432,797,196,373,713,1.64483602,3.13437373,5.98257033,0.07083737,0.11164031,0.19022102
29115,0,USMissouriLinn,Missouri,Linn,2021-08-07 12:26:13.988007,2021-04-09 00:00:00.000000,1.85859127,3.35149751,6.33888611,221,399,755,181,345,672,1.52227095,2.89559380,5.64214227,0.07347844,0.11380598,0.19519310
29115,0,USMissouriLinn,Missouri,Linn,2021-08-07 12:26:13.988007,2021-04-10 00:00:00.000000,1.72634596,3.10204167,5.99945397,205,369,715,169,319,635,1.42225503,2.67830221,5.32964529,0.07577025,0.11816367,0.20101335
29115,0,USMissouriLinn,Missouri,Linn,2021-08-07 12:26:13.988007,2021-04-11 00:00:00.000000,1.59173064,2.87040746,5.68028866,189,342,677,158,295,601,1.33290966,2.47942704,5.04362948,0.07769535,0.12431960,0.20504233
29115,0,USMissouriLinn,Missouri,Linn,2021-08-07 12:26:13.988007,2021-04-12 00:00:00.000000,1.48377259,2.66693744,5.38511640,176,317,641,148,273,571,1.24698268,2.29738585,4.79096204,0.08572103,0.13033471,0.21371567
29115,0,USMissouriLinn,Missouri,Linn,2021-08-07 12:26:13.988007,2021-04-13 00:00:00.000000,1.38902826,2.49882435,5.10532620,165,297,608,137,256,539,1.14992327,2.15045687,4.52636314,0.08930549,0.13989047,0.22053239
29115,0,USMissouriLinn,Missouri,Linn,2021-08-07 12:26:13.988007,2021-04-14 00:00:00.000000,1.27236156,2.34657270,4.84007815,151,279,576,125,239,509,1.05371717,2.00973482,4.27787434,0.09028092,0.14726660,0.22284318
29115,0,USMissouriLinn,Missouri,Linn,2021-08-07 12:26:13.988007,2021-04-15 00:00:00.000000,1.16652980,2.20177427,4.58819609,139,262,546,115,223,483,0.96634617,1.87531617,4.05332649,0.09124103,0.15239689,0.22902690
29115,0,USMissouriLinn,Missouri,Linn,2021-08-07 12:26:13.988007,2021-04-16 00:00:00.000000,1.07649752,2.06721166,4.34911652,128,246,518,106,208,457,0.89560485,1.75251072,3.84065900,0.09248458,0.15624637,0.24287685
29115,0,USMissouriLinn,Missouri,Linn,2021-08-07 12:26:13.988007,2021-04-17 00:00:00.000000,1.00475393,1.94249257,4.12246697,119,231,491,98,196,433,0.82362162,1.64435958,3.63925280,0.09795812,0.16315075,0.26345027
29115,0,USMissouriLinn,Missouri,Linn,2021-08-07 12:26:13.988007,2021-04-18 00:00:00.000000,0.94053297,1.82767240,3.90808696,112,217,465,91,184,411,0.76981795,1.54867584,3.44863405,0.10701107,0.17096754,0.27574892
29115,0,USMissouriLinn,Missouri,Linn,2021-08-07 12:26:13.988007,2021-04-19 00:00:00.000000,0.88238624,1.71581230,3.71006597,105,204,442,85,174,390,0.72057203,1.46367661,3.27884964,0.11661976,0.17893667,0.30252159
29115,0,USMissouriLinn,Missouri,Linn,2021-08-07 12:26:13.988007,2021-04-20 00:00:00.000000,0.82869574,1.61499534,3.55623686,98,192,423,80,164,374,0.67584891,1.37754264,3.14586070,0.12696879,0.19184673,0.31966331
29115,0,USMissouriLinn,Missouri,Linn,2021-08-07 12:26:13.988007,2021-04-21 00:00:00.000000,0.77915531,1.52479881,3.41995925,92,181,407,75,154,360,0.63456484,1.29787410,3.02073384,0.12794925,0.20201372,0.33248127
29115,0,USMissouriLinn,Missouri,Linn,2021-08-07 12:26:13.988007,2021-04-22 00:00:00.000000,0.73333353,1.44928024,3.29097871,87,172,392,71,146,345,0.59641033,1.22522719,2.90213294,0.13034341,0.20498080,0.33530009
29115,0,USMissouriLinn,Missouri,Linn,2021-08-07 12:26:13.988007,2021-04-23 00:00:00.000000,0.69105540,1.39199225,3.17061587,82,165,377,66,138,332,0.56115063,1.16103948,2.79044021,0.13642825,0.21843781,0.34603485
29115,0,USMissouriLinn,Missouri,Linn,2021-08-07 12:26:13.988007,2021-04-24 00:00:00.000000,0.65234595,1.34762285,3.06087788,77,160,364,63,132,320,0.52864733,1.10832103,2.68676540,0.13731260,0.23684589,0.36425506
29115,0,USMissouriLinn,Missouri,Linn,2021-08-07 12:26:13.988007,2021-04-25 00:00:00.000000,0.61756061,1.31127678,2.95158906,73,156,351,59,127,308,0.49891974,1.06705155,2.59062268,0.13819775,0.24912596,0.39581463
29115,0,USMissouriLinn,Missouri,Linn,2021-08-07 12:26:13.988007,2021-04-26 00:00:00.000000,0.59440599,1.26825063,2.84630499,70,151,339,56,123,297,0.47224546,1.03209093,2.49208572,0.14313195,0.26928542,0.44514731
29115,0,USMissouriLinn,Missouri,Linn,2021-08-07 12:26:13.988007,2021-04-27 00:00:00.000000,0.57599031,1.23040236,2.73683272,68,146,326,53,119,286,0.45212254,1.00188154,2.40720870,0.18351650,0.29892415,0.45591149
29115,0,USMissouriLinn,Missouri,Linn,2021-08-07 12:26:13.988007,2021-04-28 00:00:00.000000,0.56362478,1.20053002,2.63090887,67,143,313,52,116,275,0.43827278,0.97531791,2.31258989,0.19188833,0.30920761,0.50376486
29115,0,USMissouriLinn,Missouri,Linn,2021-08-07 12:26:13.988007,2021-04-29 00:00:00.000000,0.55723211,1.18085865,2.53140958,66,140,301,51,113,265,0.42888823,0.95512960,2.22364027,0.19580994,0.32338130,0.57691563
29115,0,USMissouriLinn,Missouri,Linn,2021-08-07 12:26:13.988007,2021-04-30 00:00:00.000000,0.55583993,1.15688071,2.44778940,66,137,291,50,112,255,0.42414308,0.94019359,2.13985870,0.20330861,0.35437199,0.60092204
29115,0,USMissouriLinn,Missouri,Linn,2021-08-07 12:26:13.988007,2021-05-01 00:00:00.000000,0.55875847,1.13780307,2.42942745,66,135,289,50,109,245,0.42307437,0.91850468,2.06353751,0.22056663,0.37974353,0.64573448
29115,0,USMissouriLinn,Missouri,Linn,2021-08-07 12:26:13.988007,2021-05-02 00:00:00.000000,0.56706627,1.12419975,2.41883836,67,134,288,50,107,239,0.42508052,0.90511061,2.00798388,0.23319321,0.41018752,0.65522073
29115,0,USMissouriLinn,Missouri,Linn,2021-08-07 12:26:13.988007,2021-05-03 00:00:00.000000,0.59111517,1.11672251,2.41091615,70,133,287,51,107,237,0.43123420,0.89798447,1.98827196,0.23764211,0.44003821,0.66879015
29115,0,USMissouriLinn,Missouri,Linn,2021-08-07 12:26:13.988007,2021-05-04 00:00:00.000000,0.63436406,1.12421368,2.34765356,75,134,279,53,106,236,0.45043519,0.89223379,1.98091502,0.24936823,0.47053667,0.75927041
29115,0,USMissouriLinn,Missouri,Linn,2021-08-07 12:26:13.988007,2021-05-05 00:00:00.000000,0.67646969,1.13506194,2.34824447,80,135,279,59,106,234,0.49852226,0.88942763,1.96472707,0.28463451,0.49273043,0.83657247
29115,0,USMissouriLinn,Missouri,Linn,2021-08-07 12:26:13.988007,2021-05-06 00:00:00.000000,0.72924830,1.17927155,2.35957735,86,140,281,63,106,231,0.53526482,0.89682296,1.94364960,0.32668455,0.51347073,0.87627251
29115,0,USMissouriLinn,Missouri,Linn,2021-08-07 12:26:13.988007,2021-05-07 00:00:00.000000,0.77294616,1.22634870,2.37663180,92,146,283,66,108,231,0.55621596,0.91098932,1.94429153,0.35606689,0.57211979,0.92717833
29115,0,USMissouriLinn,Missouri,Linn,2021-08-07 12:26:13.988007,2021-05-08 00:00:00.000000,0.78830066,1.25861882,2.40049309,93,150,286,71,113,233,0.59788510,0.95344670,1.95593960,0.38628609,0.61797203,0.95024676
29115,0,USMissouriLinn,Missouri,Linn,2021-08-07 12:26:13.988007,2021-05-09 00:00:00.000000,0.80658258,1.28803849,2.43158194,96,153,289,73,119,236,0.61706916,1.00061040,1.98417391,0.40579570,0.64541696,0.95382258
29115,0,USMissouriLinn,Missouri,Linn,2021-08-07 12:26:13.988007,2021-05-10 00:00:00.000000,0.84424764,1.35912732,2.52526363,100,162,301,75,122,242,0.63023358,1.03130414,2.03107142,0.41994421,0.65986374,0.95140362
29115,0,USMissouriLinn,Missouri,Linn,2021-08-07 12:26:13.988007,2021-05-11 00:00:00.000000,0.86065491,1.44363130,2.62775260,102,172,313,78,129,247,0.65503013,1.08285173,2.07690844,0.49470926,0.70555612,0.94496219
29115,0,USMissouriLinn,Missouri,Linn,2021-08-07 12:26:13.988007,2021-05-12 00:00:00.000000,0.90075066,1.54582270,2.72913459,107,184,325,81,137,252,0.68467920,1.15357191,2.11732510,0.50587281,0.74353240,1.03582167
29115,0,USMissouriLinn,Missouri,Linn,2021-08-07 12:26:13.988007,2021-05-13 00:00:00.000000,0.94324495,1.61981943,2.83074203,112,193,337,85,145,257,0.71652370,1.21936874,2.16209396,0.58963023,0.77894604,1.07324694
29115,0,USMissouriLinn,Missouri,Linn,2021-08-07 12:26:13.988007,2021-05-14 00:00:00.000000,0.98763102,1.72082610,2.93233970,117,205,349,89,151,264,0.75012153,1.27351928,2.22177826,0.63244985,0.82444002,1.10640149
29115,0,USMissouriLinn,Missouri,Linn,2021-08-07 12:26:13.988007,2021-05-15 00:00:00.000000,1.03444511,1.84115338,3.03367025,123,219,361,93,159,274,0.78550283,1.34064337,2.30197852,0.69091130,0.86422697,1.12794682
29115,0,USMissouriLinn,Missouri,Linn,2021-08-07 12:26:13.988007,2021-05-16 00:00:00.000000,1.08902536,1.95927745,3.13453709,129,233,373,98,168,283,0.82285690,1.41314208,2.38203856,0.72599028,0.90182443,1.19252348
29115,0,USMissouriLinn,Missouri,Linn,2021-08-07 12:26:13.988007,2021-05-17 00:00:00.000000,1.21815724,2.09735986,3.31849804,145,250,395,103,179,303,0.86679927,1.50621579,2.54279212,0.74478485,0.92337963,1.21389750
29115,0,USMissouriLinn,Missouri,Linn,2021-08-07 12:26:13.988007,2021-05-18 00:00:00.000000,1.34172527,2.21929544,3.53931619,159,264,421,114,188,321,0.95781884,1.57957600,2.69351773,0.78004208,0.92928650,1.22603758
29115,0,USMissouriLinn,Missouri,Linn,2021-08-07 12:26:13.988007,2021-05-19 00:00:00.000000,1.44775661,2.39944912,3.76963542,172,286,449,123,203,339,1.03363835,1.71071178,2.84829063,0.79715539,0.93073792,1.27931285
29115,0,USMissouriLinn,Missouri,Linn,2021-08-07 12:26:13.988007,2021-05-20 00:00:00.000000,1.59053415,2.57508002,4.00437610,189,306,477,134,218,358,1.13019738,1.83462338,3.00700791,0.81483742,0.93678515,1.30358467
29115,0,USMissouriLinn,Missouri,Linn,2021-08-07 12:26:13.988007,2021-05-21 00:00:00.000000,1.67617684,2.76042035,4.23537010,199,329,504,144,234,378,1.21338109,1.96878205,3.17334135,0.81696873,0.95605097,1.34718590
29115,0,USMissouriLinn,Missouri,Linn,2021-08-07 12:26:13.988007,2021-05-22 00:00:00.000000,1.75844723,2.92701649,4.37238112,209,348,521,151,250,397,1.26788657,2.10465874,3.33512973,0.81903980,0.95994021,1.36773772
29115,0,USMissouriLinn,Missouri,Linn,2021-08-07 12:26:13.988007,2021-05-23 00:00:00.000000,1.86431907,3.10974258,4.50890148,222,370,537,160,268,417,1.34718920,2.25156230,3.50480780,0.85174951,0.96874783,1.37591039
29115,0,USMissouriLinn,Missouri,Linn,2021-08-07 12:26:13.988007,2021-05-24 00:00:00.000000,1.97590360,3.25106565,4.74670998,235,387,565,170,286,438,1.42750057,2.40199535,3.67640348,0.84022730,0.97772641,1.37799962
29115,0,USMissouriLinn,Missouri,Linn,2021-08-07 12:26:13.988007,2021-05-25 00:00:00.000000,2.08790766,3.37615914,4.98433573,248,402,594,180,298,461,1.51258654,2.50770919,3.87111301,0.82615015,0.97791591,1.37796057
29115,0,USMissouriLinn,Missouri,Linn,2021-08-07 12:26:13.988007,2021-05-26 00:00:00.000000,2.20083552,3.50169961,5.22437883,262,417,622,190,311,484,1.59805980,2.61348013,4.06701848,0.83050337,0.98152925,1.37659384
29115,0,USMissouriLinn,Missouri,Linn,2021-08-07 12:26:13.988007,2021-05-27 00:00:00.000000,2.31364743,3.63305104,5.46195863,275,433,651,200,324,504,1.68377680,2.71956157,4.23320707,0.83435219,0.97303346,1.37368052
29115,0,USMissouriLinn,Missouri,Linn,2021-08-07 12:26:13.988007,2021-05-28 00:00:00.000000,2.42601896,3.79071374,5.67249531,289,451,676,210,337,522,1.76946841,2.83499677,4.38095023,0.84393782,0.97240268,1.36580424
29115,0,USMissouriLinn,Missouri,Linn,2021-08-07 12:26:13.988007,2021-05-29 00:00:00.000000,2.53758101,3.92399963,5.84008554,302,467,696,221,350,539,1.85485421,2.94189920,4.52433854,0.84172584,0.97680302,1.34880701
29115,0,USMissouriLinn,Missouri,Linn,2021-08-07 12:26:13.988007,2021-05-30 00:00:00.000000,2.63938006,4.04150983,5.99921315,314,481,715,231,362,555,1.93963952,3.03874932,4.66245975,0.81560163,0.97663963,1.31691614
29115,0,USMissouriLinn,Missouri,Linn,2021-08-07 12:26:13.988007,2021-05-31 00:00:00.000000,2.70590028,4.16618530,6.14801782,322,496,732,241,374,571,2.02351709,3.14309452,4.79439447,0.79888353,0.97571515,1.28648646
29115,0,USMissouriLinn,Missouri,Linn,2021-08-07 12:26:13.988007,2021-06-01 00:00:00.000000,2.76411152,4.29030927,6.28664866,329,511,749,247,385,586,2.07532323,3.23372799,4.91809495,0.78890077,0.97079703,1.25364956
29115,0,USMissouriLinn,Missouri,Linn,2021-08-07 12:26:13.988007,2021-06-02 00:00:00.000000,2.85102971,4.41061985,6.41113491,339,525,764,251,395,599,2.10782142,3.32023572,5.03340434,0.78838005,0.96468341,1.27435963
29115,0,USMissouriLinn,Missouri,Linn,2021-08-07 12:26:13.988007,2021-06-03 00:00:00.000000,2.93160748,4.52162760,6.51424919,349,538,776,255,406,612,2.14533682,3.40809088,5.13794453,0.78557588,0.95168257,1.29168804
29115,0,USMissouriLinn,Missouri,Linn,2021-08-07 12:26:13.988007,2021-06-04 00:00:00.000000,2.90457362,4.58978620,6.59284879,346,547,785,264,413,622,2.21705330,3.47093702,5.22638014,0.78382029,0.93891872,1.27543956
29115,0,USMissouriLinn,Missouri,Linn,2021-08-07 12:26:13.988007,2021-06-05 00:00:00.000000,2.93501916,4.68537541,6.64246004,349,558,791,263,422,631,2.20917377,3.54392314,5.29577103,0.75646800,0.93816992,1.21754871
29115,0,USMissouriLinn,Missouri,Linn,2021-08-07 12:26:13.988007,2021-06-06 00:00:00.000000,2.94784435,4.73593489,6.65943423,351,564,793,266,430,636,2.23736076,3.61113507,5.34291502,0.74548231,0.91488956,1.28261526
29115,0,USMissouriLinn,Missouri,Linn,2021-08-07 12:26:13.988007,2021-06-07 00:00:00.000000,2.94105366,4.82348337,6.65786465,350,574,793,269,437,643,2.26359849,3.66661395,5.40202681,0.74158215,0.89434151,1.28774788
29115,0,USMissouriLinn,Missouri,Linn,2021-08-07 12:26:13.988007,2021-06-08 00:00:00.000000,3.00288305,4.84217414,6.74292456,357,577,803,272,444,657,2.28490935,3.73190276,5.51754038,0.70610167,0.86712124,1.23311666
29115,0,USMissouriLinn,Missouri,Linn,2021-08-07 12:26:13.988007,2021-06-09 00:00:00.000000,3.03653016,4.83073428,6.81054776,361,575,811,274,445,666,2.30166171,3.73407238,5.59462114,0.67079462,0.84838699,1.11296513
29115,0,USMissouriLinn,Missouri,Linn,2021-08-07 12:26:13.988007,2021-06-10 00:00:00.000000,3.05021950,4.79932450,6.86397221,363,572,818,275,443,667,2.31525064,3.72258679,5.60313970,0.58951038,0.81199513,1.08518959
29115,0,USMissouriLinn,Missouri,Linn,2021-08-07 12:26:13.988007,2021-06-11 00:00:00.000000,3.01390889,4.75572901,6.90069492,359,566,822,277,443,669,2.32565726,3.71801929,5.61842023,0.50451660,0.75090985,1.01766208
29115,0,USMissouriLinn,Missouri,Linn,2021-08-07 12:26:13.988007,2021-06-12 00:00:00.000000,2.95493914,4.68626368,6.90205383,352,558,822,273,445,673,2.29478648,3.73729199,5.65160706,0.46934312,0.69715379,1.01400004
29115,0,USMissouriLinn,Missouri,Linn,2021-08-07 12:26:13.988007,2021-06-13 00:00:00.000000,2.88307293,4.58067130,6.77995673,343,546,808,267,438,675,2.24502623,3.67867174,5.66669895,0.44364672,0.65839466,0.98363609
29115,0,USMissouriLinn,Missouri,Linn,2021-08-07 12:26:13.988007,2021-06-14 00:00:00.000000,2.84062195,4.43480034,6.62773195,338,528,790,264,431,671,2.21858443,3.62358602,5.63733972,0.43650503,0.62954045,0.97815089
29115,0,USMissouriLinn,Missouri,Linn,2021-08-07 12:26:13.988007,2021-06-15 00:00:00.000000,2.79668056,4.27360025,6.50768601,333,509,775,260,416,657,2.18233501,3.49791748,5.51901326,0.43229147,0.60866577,0.97728873
29115,0,USMissouriLinn,Missouri,Linn,2021-08-07 12:26:13.988007,2021-06-16 00:00:00.000000,2.75320579,4.10159193,6.49229578,328,488,773,253,400,641,2.12934666,3.35668455,5.38442695,0.42478906,0.58521285,0.97459199
29115,0,USMissouriLinn,Missouri,Linn,2021-08-07 12:26:13.988007,2021-06-17 00:00:00.000000,2.64248429,3.97658068,6.46301166,314,474,770,249,386,627,2.09649194,3.23839109,5.26196687,0.41217242,0.56929477,0.91049753
29115,0,USMissouriLinn,Missouri,Linn,2021-08-07 12:26:13.988007,2021-06-18 00:00:00.000000,2.53715041,3.87864990,6.27571815,302,462,748,245,369,624,2.06044831,3.10343578,5.24046111,0.38596305,0.55762556,0.87953810
29115,0,USMissouriLinn,Missouri,Linn,2021-08-07 12:26:13.988007,2021-06-19 00:00:00.000000,2.43791835,3.69355194,6.07348545,290,440,723,240,356,614,2.01420977,2.98871542,5.15904636,0.36932210,0.53175912,0.82138931
29115,0,USMissouriLinn,Missouri,Linn,2021-08-07 12:26:13.988007,2021-06-20 00:00:00.000000,2.32265178,3.51270065,5.86467725,276,418,699,228,345,595,1.91798290,2.89592087,4.99927450,0.35948499,0.50908561,0.80046408
29115,0,USMissouriLinn,Missouri,Linn,2021-08-07 12:26:13.988007,2021-06-21 00:00:00.000000,2.19872879,3.33124712,5.66814090,262,397,675,217,329,576,1.82508418,2.76153199,4.83385747,0.35389959,0.49865427,0.79470570
29115,0,USMissouriLinn,Missouri,Linn,2021-08-07 12:26:13.988007,2021-06-22 00:00:00.000000,2.07017319,3.14773457,5.47413831,246,375,652,206,313,557,1.72862670,2.62844245,4.68100237,0.34935188,0.49061434,0.79391977
29115,0,USMissouriLinn,Missouri,Linn,2021-08-07 12:26:13.988007,2021-06-23 00:00:00.000000,1.94427249,2.98530271,5.28570280,231,355,630,194,297,539,1.62802617,2.49818412,4.52745210,0.34078506,0.48324671,0.79207000
29115,0,USMissouriLinn,Missouri,Linn,2021-08-07 12:26:13.988007,2021-06-24 00:00:00.000000,1.82371557,2.82959959,5.10119557,217,337,608,182,282,521,1.52952746,2.36859552,4.37459094,0.32647941,0.47272091,0.77470073
29115,0,USMissouriLinn,Missouri,Linn,2021-08-07 12:26:13.988007,2021-06-25 00:00:00.000000,1.73473321,2.68000195,4.92031463,206,319,586,171,268,503,1.43572710,2.25100022,4.22430606,0.30554487,0.46794736,0.72956124
29115,0,USMissouriLinn,Missouri,Linn,2021-08-07 12:26:13.988007,2021-06-26 00:00:00.000000,1.62353966,2.52846019,4.74135360,193,301,565,161,252,485,1.35214400,2.11983346,4.07649910,0.28029176,0.46112639,0.69601385
29115,0,USMissouriLinn,Missouri,Linn,2021-08-07 12:26:13.988007,2021-06-27 00:00:00.000000,1.51895051,2.38773183,4.55923203,181,284,543,155,238,468,1.30175577,2.00096444,3.92978107,0.26843227,0.45520988,0.67443070
29115,0,USMissouriLinn,Missouri,Linn,2021-08-07 12:26:13.988007,2021-06-28 00:00:00.000000,1.42969058,2.25929813,4.36194563,170,269,519,145,224,450,1.21888050,1.88655174,3.77994587,0.26454902,0.42953481,0.66152696
29115,0,USMissouriLinn,Missouri,Linn,2021-08-07 12:26:13.988007,2021-06-29 00:00:00.000000,1.34732333,2.12909246,4.16586452,160,253,496,136,212,431,1.14852186,1.77979818,3.61705984,0.25886926,0.41898348,0.65399986
29115,0,USMissouriLinn,Missouri,Linn,2021-08-07 12:26:13.988007,2021-06-30 00:00:00.000000,1.27203416,2.00618425,3.97108353,151,239,473,127,201,411,1.06887432,1.68976424,3.45573160,0.25688198,0.40095242,0.64215705
29115,0,USMissouriLinn,Missouri,Linn,2021-08-07 12:26:13.988007,2021-07-01 00:00:00.000000,1.20120931,1.87755556,3.77503092,143,223,449,118,190,392,0.99173644,1.59448222,3.29694944,0.25407854,0.39296641,0.64595059
29115,0,USMissouriLinn,Missouri,Linn,2021-08-07 12:26:13.988007,2021-07-02 00:00:00.000000,1.11615126,1.77874810,3.57405838,133,212,426,109,179,373,0.92073152,1.50785456,3.13646919,0.25048098,0.38590309,0.64408658
29115,0,USMissouriLinn,Missouri,Linn,2021-08-07 12:26:13.988007,2021-07-03 00:00:00.000000,1.03856810,1.68712535,3.37234583,123,201,401,101,169,354,0.85568056,1.41810372,2.97126174,0.23827127,0.38096733,0.64273782
29115,0,USMissouriLinn,Missouri,Linn,2021-08-07 12:26:13.988007,2021-07-04 00:00:00.000000,0.96788976,1.60114416,3.23333905,115,190,385,94,159,335,0.79631254,1.34213618,2.81460235,0.23697398,0.37354662,0.64181521
29115,0,USMissouriLinn,Missouri,Linn,2021-08-07 12:26:13.988007,2021-07-05 00:00:00.000000,0.89380393,1.51687007,3.16657778,106,180,377,88,151,322,0.74217913,1.26966805,2.70666347,0.24490557,0.37373661,0.64119109
29115,0,USMissouriLinn,Missouri,Linn,2021-08-07 12:26:13.988007,2021-07-06 00:00:00.000000,0.83752841,1.44126419,3.10380627,99,171,369,82,143,310,0.69197843,1.20337579,2.60204086,0.24067080,0.37135895,0.64624740
29115,0,USMissouriLinn,Missouri,Linn,2021-08-07 12:26:13.988007,2021-07-07 00:00:00.000000,0.80344835,1.38477932,3.04678429,95,165,363,79,136,298,0.66323501,1.14197376,2.50180328,0.22714893,0.37580489,0.64509698
29115,0,USMissouriLinn,Missouri,Linn,2021-08-07 12:26:13.988007,2021-07-08 00:00:00.000000,0.77108160,1.34297330,2.98865966,91,160,356,75,129,289,0.63535072,1.08775693,2.43137335,0.21545178,0.37067060,0.63359380
29115,0,USMissouriLinn,Missouri,Linn,2021-08-07 12:26:13.988007,2021-07-09 00:00:00.000000,0.74061595,1.29517161,2.92761797,88,154,348,72,125,284,0.60888039,1.05039141,2.38333711,0.21289031,0.35871158,0.62959211
29115,0,USMissouriLinn,Missouri,Linn,2021-08-07 12:26:13.988007,2021-07-10 00:00:00.000000,0.71231254,1.23141640,2.82334570,84,146,336,69,120,278,0.58420038,1.00806318,2.33230427,0.20505506,0.37186141,0.62826846
29115,0,USMissouriLinn,Missouri,Linn,2021-08-07 12:26:13.988007,2021-07-11 00:00:00.000000,0.68624892,1.18304478,2.66695217,81,141,317,66,114,271,0.56141267,0.96295246,2.27887413,0.19645346,0.37567377,0.62731014
29115,0,USMissouriLinn,Missouri,Linn,2021-08-07 12:26:13.988007,2021-07-12 00:00:00.000000,0.67390438,1.12807419,2.52859819,80,134,301,64,109,260,0.54049897,0.91969222,2.18416096,0.19010557,0.38647059,0.62611703
29115,0,USMissouriLinn,Missouri,Linn,2021-08-07 12:26:13.988007,2021-07-13 00:00:00.000000,0.66356378,1.06932681,2.39945152,79,127,286,63,105,246,0.53016017,0.88326952,2.07128294,0.18846006,0.38310132,0.62503093
29115,0,USMissouriLinn,Missouri,Linn,2021-08-07 12:26:13.988007,2021-07-14 00:00:00.000000,0.65240160,1.00771166,2.28192187,77,120,272,61,99,234,0.51869672,0.83336123,1.96623590,0.18814803,0.39273522,0.67545957
29115,0,USMissouriLinn,Missouri,Linn,2021-08-07 12:26:13.988007,2021-07-15 00:00:00.000000,0.62944568,0.95067598,2.20027808,75,113,262,59,94,224,0.49836496,0.78866214,1.88726054,0.18830290,0.39331574,0.67180449
29115,0,USMissouriLinn,Missouri,Linn,2021-08-07 12:26:13.988007,2021-07-16 00:00:00.000000,0.60530399,0.90710029,2.10647530,72,108,251,57,88,212,0.48028333,0.74326630,1.78462022,0.18876097,0.38961379,0.64762702
29115,0,USMissouriLinn,Missouri,Linn,2021-08-07 12:26:13.988007,2021-07-17 00:00:00.000000,0.56877482,0.87287271,1.99568528,67,104,237,55,84,203,0.46300125,0.71294687,1.70755845,0.18789564,0.38088732,0.66995969
29115,0,USMissouriLinn,Missouri,Linn,2021-08-07 12:26:13.988007,2021-07-18 00:00:00.000000,0.53525767,0.83795434,1.91657025,63,99,228,52,81,195,0.44063123,0.68089174,1.63713441,0.18387408,0.38405387,0.69662037
29115,0,USMissouriLinn,Missouri,Linn,2021-08-07 12:26:13.988007,2021-07-19 00:00:00.000000,0.50890262,0.79046840,1.84903963,60,94,220,49,78,187,0.41472054,0.65471205,1.57152045,0.17500121,0.37797872,0.69882045
29115,0,USMissouriLinn,Missouri,Linn,2021-08-07 12:26:13.988007,2021-07-20 00:00:00.000000,0.48548490,0.75691785,1.78489164,57,90,212,47,73,180,0.39503174,0.61679569,1.51595053,0.17423719,0.37314497,0.70483083
29115,0,USMissouriLinn,Missouri,Linn,2021-08-07 12:26:13.988007,2021-07-21 00:00:00.000000,0.46478749,0.73784568,1.72402055,55,87,205,44,71,174,0.37725042,0.59624347,1.46281304,0.17380935,0.37438200,0.70138181
29115,0,USMissouriLinn,Missouri,Linn,2021-08-07 12:26:13.988007,2021-07-22 00:00:00.000000,0.45156281,0.71508798,1.66527404,53,85,198,43,68,168,0.36102695,0.57417214,1.41174983,0.17359104,0.37556974,0.68759671
29115,0,USMissouriLinn,Missouri,Linn,2021-08-07 12:26:13.988007,2021-07-23 00:00:00.000000,0.44972108,0.69495456,1.60986676,53,82,191,41,65,162,0.34590713,0.55128650,1.36280452,0.16976395,0.37770169,0.68502858
29115,0,USMissouriLinn,Missouri,Linn,2021-08-07 12:26:13.988007,2021-07-24 00:00:00.000000,0.42443395,0.69135092,1.56086507,50,82,186,40,64,156,0.34218329,0.53771800,1.31697667,0.17783701,0.37982640,0.70148552
29115,0,USMissouriLinn,Missouri,Linn,2021-08-07 12:26:13.988007,2021-07-25 00:00:00.000000,0.39551004,0.67482790,1.51618025,47,80,180,39,63,152,0.33350426,0.53658650,1.27685579,0.18212305,0.38079093,0.72909295
29115,0,USMissouriLinn,Missouri,Linn,2021-08-07 12:26:13.988007,2021-07-26 00:00:00.000000,0.40253168,0.64999790,1.46457600,47,77,174,37,62,147,0.31248155,0.52842422,1.24021225,0.18896445,0.38140309,0.74229592
29115,0,USMissouriLinn,Missouri,Linn,2021-08-07 12:26:13.988007,2021-07-27 00:00:00.000000,0.38441615,0.62710693,1.39350763,45,74,166,36,60,145,0.30383470,0.50431866,1.22313700,0.19551875,0.38022493,0.74805648
29115,0,USMissouriLinn,Missouri,Linn,2021-08-07 12:26:13.988007,2021-07-28 00:00:00.000000,0.36724943,0.61402652,1.32304310,43,73,157,35,59,140,0.29383895,0.49639762,1.17768871,0.18342462,0.37515602,0.75100704
29115,0,USMissouriLinn,Missouri,Linn,2021-08-07 12:26:13.988007,2021-07-29 00:00:00.000000,0.35148018,0.59254459,1.25516186,41,70,149,32,57,133,0.27677383,0.47945476,1.11945058,0.18194617,0.36938375,0.75398213
29115,0,USMissouriLinn,Missouri,Linn,2021-08-07 12:26:13.988007,2021-07-30 00:00:00.000000,0.33723847,0.57597535,1.19049850,40,68,141,31,54,126,0.26484086,0.46013911,1.06321878,0.18848963,0.36300945,0.76004183
29115,0,USMissouriLinn,Missouri,Linn,2021-08-07 12:26:13.988007,2021-07-31 00:00:00.000000,0.32446152,0.56802569,1.12922912,38,67,134,30,52,120,0.25403238,0.44397977,1.00942653,0.18880107,0.36543154,0.77435713
29115,0,USMissouriLinn,Missouri,Linn,2021-08-07 12:26:13.988007,2021-08-01 00:00:00.000000,0.31322398,0.56362805,1.14771817,37,67,136,29,52,114,0.24430173,0.43887197,0.95823804,0.18879481,0.36308763,0.80124738
29115,0,USMissouriLinn,Missouri,Linn,2021-08-07 12:26:13.988007,2021-08-02 00:00:00.000000,0.28790177,0.52924436,1.09155139,34,63,130,28,52,109,0.23566725,0.43749855,0.91817458,0.18868318,0.36850945,0.83157411
29115,0,USMissouriLinn,Missouri,Linn,2021-08-07 12:26:13.988007,2021-08-03 00:00:00.000000,0.26360279,0.48951058,1.03600485,31,58,123,25,48,104,0.21784677,0.40553191,0.87484287,0.18611007,0.36828633,0.85057848
29115,0,USMissouriLinn,Missouri,Linn,2021-08-07 12:26:13.988007,2021-08-04 00:00:00.000000,0.23979297,0.45140767,0.97618349,28,53,116,23,44,98,0.19907463,0.37517978,0.82742140,0.18542403,0.36748053,0.85851096
29115,0,USMissouriLinn,Missouri,Linn,2021-08-07 12:26:13.988007,2021-08-05 00:00:00.000000,0.21799383,0.41768574,0.92097430,25,49,109,21,42,93,0.18148393,0.35246644,0.78297668,0.18525913,0.36577885,0.86127367
29115,0,USMissouriLinn,Missouri,Linn,2021-08-07 12:26:13.988007,2021-08-06 00:00:00.000000,0.19830866,0.38567029,0.88615249,23,45,105,19,38,88,0.16541730,0.32664630,0.74170845,0.18522051,0.36545931,0.86218495
29115,0,USMissouriLinn,Missouri,Linn,2021-08-07 12:26:13.988007,2021-08-07 00:00:00.000000,0.18056488,0.35673588,0.86220024,21,42,102,17,36,83,0.15083421,0.30308793,0.70319835,0.18521152,0.36529546,0.86248487
29115,0,USMissouriLinn,Missouri,Linn,2021-08-07 12:26:13.988007,2021-08-08 00:00:00.000000,0.16454366,0.33045060,0.83891905,19,39,99,16,33,79,0.13760233,0.28112409,0.66708326,0.18520943,0.36521261,0.86258556
29115,0,USMissouriLinn,Missouri,Linn,2021-08-07 12:26:13.988007,2021-08-09 00:00:00.000000,0.15004448,0.30885661,0.81624631,17,36,97,14,31,76,0.12558350,0.26101829,0.64155112,0.18520895,0.36517106,0.86262047
29115,0,USMissouriLinn,Missouri,Linn,2021-08-07 12:26:13.988007,2021-08-10 00:00:00.000000,0.13689528,0.28894001,0.79413583,16,34,94,13,29,74,0.11465291,0.24479164,0.62444585,0.18520884,0.36515033,0.86263307
29115,0,USMissouriLinn,Missouri,Linn,2021-08-07 12:26:13.988007,2021-08-11 00:00:00.000000,0.12403957,0.27037408,0.77255403,14,32,92,12,27,72,0.10470125,0.22960876,0.60770134,0.18520881,0.36514002,0.86263783
29115,0,USMissouriLinn,Missouri,Linn,2021-08-07 12:26:13.988007,2021-08-12 00:00:00.000000,0.11161380,0.25229276,0.75147632,13,30,89,11,25,70,0.09563289,0.21538927,0.59131152,0.18520880,0.36513490,0.86263971
29115,0,USMissouriLinn,Missouri,Linn,2021-08-07 12:26:13.988007,2021-08-13 00:00:00.000000,0.10291782,0.23536615,0.73088440,12,28,87,10,24,68,0.08647864,0.20206286,0.57527161,0.18520880,0.36513236,0.86264048
29115,0,USMissouriLinn,Missouri,Linn,2021-08-07 12:26:13.988007,2021-08-14 00:00:00.000000,0.09504663,0.21870171,0.71076434,11,26,84,9,22,66,0.07892095,0.18869428,0.55957762,0.18520880,0.36513111,0.86264082
29115,0,USMissouriLinn,Missouri,Linn,2021-08-07 12:26:13.988007,2021-08-15 00:00:00.000000,0.08677491,0.20430666,0.69110515,10,24,82,8,21,64,0.07286143,0.17622906,0.54422606,0.18520880,0.36513049,0.86264096
29115,0,USMissouriLinn,Missouri,Linn,2021-08-07 12:26:13.988007,2021-08-16 00:00:00.000000,0.07923253,0.19088029,0.67189785,9,22,80,7,19,63,0.06653757,0.16317474,0.52921366,0.18520880,0.36513018,0.86264103
29115,0,USMissouriLinn,Missouri,Linn,2021-08-07 12:26:13.988007,2021-08-17 00:00:00.000000,0.07235242,0.17827426,0.65313479,8,21,77,7,18,61,0.06076623,0.15179443,0.51453721,0.18520880,0.36513003,0.86264106
29115,0,USMissouriLinn,Missouri,Linn,2021-08-07 12:26:13.988007,2021-08-18 00:00:00.000000,0.06607449,0.16620593,0.63480913,7,19,75,6,16,59,0.05549808,0.14175870,0.50019350,0.18520880,0.36512996,0.86264107
29115,0,USMissouriLinn,Missouri,Linn,2021-08-07 12:26:13.988007,2021-08-19 00:00:00.000000,0.06034466,0.15449965,0.61691456,7,18,73,6,15,57,0.05068851,0.13312374,0.48617921,0.18520880,0.36512992,0.86264108
=======
29115,0,USMissouriLinn,Missouri,Linn,2021-07-21 12:35:44.880574,2020-03-09 00:00:00.000000,0.00252945,0.01844531,0.08015165,0,2,9,0,1,6,0.00164369,0.01104153,0.05109346,0.33564123,0.44572635,0.60961619
29115,0,USMissouriLinn,Missouri,Linn,2021-07-21 12:35:44.880574,2020-03-10 00:00:00.000000,0.00271035,0.01919289,0.08422483,0,2,10,0,1,6,0.00183734,0.01217350,0.05730502,0.33563562,0.44571770,0.60912846
29115,0,USMissouriLinn,Missouri,Linn,2021-07-21 12:35:44.880574,2020-03-11 00:00:00.000000,0.00300346,0.02042719,0.08924927,0,2,10,0,1,7,0.00207763,0.01325785,0.06385801,0.33562525,0.44569151,0.60810647
29115,0,USMissouriLinn,Missouri,Linn,2021-07-21 12:35:44.880574,2020-03-12 00:00:00.000000,0.00333351,0.02159782,0.09589779,0,2,11,0,1,8,0.00234525,0.01451595,0.07042938,0.33560591,0.44561220,0.60597460
29115,0,USMissouriLinn,Missouri,Linn,2021-07-21 12:35:44.880574,2020-03-13 00:00:00.000000,0.00371026,0.02320389,0.10562913,0,2,12,0,1,8,0.00264024,0.01573679,0.07494323,0.33549189,0.44476593,0.60156920
29115,0,USMissouriLinn,Missouri,Linn,2021-07-21 12:35:44.880574,2020-03-14 00:00:00.000000,0.00413669,0.02535356,0.11623242,0,3,13,0,2,9,0.00296715,0.01734497,0.07970373,0.33512825,0.44271488,0.59922751
29115,0,USMissouriLinn,Missouri,Linn,2021-07-21 12:35:44.880574,2020-03-15 00:00:00.000000,0.00461672,0.02774159,0.12763465,0,3,15,0,2,10,0.00333021,0.01887586,0.08688466,0.33455233,0.44032894,0.59754381
29115,0,USMissouriLinn,Missouri,Linn,2021-07-21 12:35:44.880574,2020-03-16 00:00:00.000000,0.00515390,0.02985805,0.13503564,0,3,16,0,2,11,0.00373364,0.02031434,0.09584947,0.33360317,0.43166351,0.59571015
29115,0,USMissouriLinn,Missouri,Linn,2021-07-21 12:35:44.880574,2020-03-17 00:00:00.000000,0.00574992,0.03239207,0.14166834,0,3,16,0,2,12,0.00418108,0.02218431,0.10255778,0.31887395,0.42280920,0.59392363
29115,0,USMissouriLinn,Missouri,Linn,2021-07-21 12:35:44.880574,2020-03-18 00:00:00.000000,0.00635733,0.03602048,0.14842233,0,4,17,0,2,12,0.00462322,0.02456501,0.10756771,0.24919271,0.39881839,0.58991124
29115,0,USMissouriLinn,Missouri,Linn,2021-07-21 12:35:44.880574,2020-03-19 00:00:00.000000,0.00674691,0.03898656,0.15511132,0,4,18,0,3,13,0.00492185,0.02800898,0.11268412,0.20529647,0.38220723,0.58123256
29115,0,USMissouriLinn,Missouri,Linn,2021-07-21 12:35:44.880574,2020-03-20 00:00:00.000000,0.00715973,0.04160818,0.16138299,0,4,19,0,3,14,0.00523701,0.03026171,0.11777203,0.19599642,0.35935033,0.56394793
29115,0,USMissouriLinn,Missouri,Linn,2021-07-21 12:35:44.880574,2020-03-21 00:00:00.000000,0.00759168,0.04263026,0.16675760,0,5,19,0,3,14,0.00556757,0.03222429,0.12257761,0.18597516,0.33436001,0.51138009
29115,0,USMissouriLinn,Missouri,Linn,2021-07-21 12:35:44.880574,2020-03-22 00:00:00.000000,0.00804077,0.04460239,0.17091031,0,5,20,0,3,15,0.00591105,0.03335992,0.12674989,0.18528802,0.31052126,0.47931873
29115,0,USMissouriLinn,Missouri,Linn,2021-07-21 12:35:44.880574,2020-03-23 00:00:00.000000,0.01806436,0.05568416,0.18173423,2,6,21,0,4,15,0.00626637,0.03462704,0.13002676,0.18512098,0.29603049,0.44016892
29115,0,USMissouriLinn,Missouri,Linn,2021-07-21 12:35:44.880574,2020-03-24 00:00:00.000000,0.02478944,0.06885585,0.19167447,2,8,22,1,5,16,0.01527857,0.04333082,0.13768953,0.18269944,0.27909586,0.40879515
29115,0,USMissouriLinn,Missouri,Linn,2021-07-21 12:35:44.880574,2020-03-25 00:00:00.000000,0.03236278,0.08084347,0.20775662,3,9,24,2,6,17,0.02102005,0.05550717,0.14558776,0.16759859,0.26983040,0.40385937
29115,0,USMissouriLinn,Missouri,Linn,2021-07-21 12:35:44.880574,2020-03-26 00:00:00.000000,0.03969976,0.09543458,0.23550816,4,11,28,3,7,18,0.02654392,0.06417877,0.15929096,0.15392178,0.25457680,0.39820716
29115,0,USMissouriLinn,Missouri,Linn,2021-07-21 12:35:44.880574,2020-03-27 00:00:00.000000,0.04529481,0.10535415,0.26354334,5,12,31,3,9,22,0.03053478,0.07608404,0.18554086,0.14585493,0.24769252,0.36472450
29115,0,USMissouriLinn,Missouri,Linn,2021-07-21 12:35:44.880574,2020-03-28 00:00:00.000000,0.05000804,0.11685768,0.28769856,5,13,34,4,9,24,0.03436721,0.08356176,0.20946652,0.13463459,0.22883891,0.33996157
29115,0,USMissouriLinn,Missouri,Linn,2021-07-21 12:35:44.880574,2020-03-29 00:00:00.000000,0.05430718,0.12516425,0.31484957,6,14,37,4,10,26,0.03794877,0.09100997,0.22618999,0.12396681,0.21477340,0.32730635
29115,0,USMissouriLinn,Missouri,Linn,2021-07-21 12:35:44.880574,2020-03-30 00:00:00.000000,0.05810276,0.13438158,0.34304548,6,16,40,4,11,30,0.04125753,0.09902647,0.25323900,0.11929779,0.19935726,0.31078510
29115,0,USMissouriLinn,Missouri,Linn,2021-07-21 12:35:44.880574,2020-03-31 00:00:00.000000,0.06415526,0.14688417,0.37679441,7,17,44,5,13,33,0.04436212,0.10961990,0.27715852,0.11840366,0.19165614,0.29460188
29115,0,USMissouriLinn,Missouri,Linn,2021-07-21 12:35:44.880574,2020-04-01 00:00:00.000000,0.07028073,0.15893220,0.37370002,8,18,44,5,13,34,0.05030142,0.11708336,0.28546789,0.11807658,0.18281667,0.27862649
29115,0,USMissouriLinn,Missouri,Linn,2021-07-21 12:35:44.880574,2020-04-02 00:00:00.000000,0.07468251,0.16693334,0.36938168,8,19,44,6,14,33,0.05383473,0.12510406,0.28353226,0.11258464,0.17363207,0.26601899
29115,0,USMissouriLinn,Missouri,Linn,2021-07-21 12:35:44.880574,2020-04-03 00:00:00.000000,0.07530318,0.17544231,0.36585762,8,20,43,6,15,33,0.05676248,0.13296951,0.28073060,0.10284294,0.16535160,0.25337085
29115,0,USMissouriLinn,Missouri,Linn,2021-07-21 12:35:44.880574,2020-04-04 00:00:00.000000,0.07558239,0.18231178,0.39487652,9,21,47,6,16,33,0.05730249,0.13690155,0.28115125,0.09458885,0.15582274,0.24454049
29115,0,USMissouriLinn,Missouri,Linn,2021-07-21 12:35:44.880574,2020-04-05 00:00:00.000000,0.07573654,0.18665310,0.42453450,9,22,50,6,16,36,0.05758330,0.14169983,0.30378806,0.08698320,0.14756400,0.22061373
29115,0,USMissouriLinn,Missouri,Linn,2021-07-21 12:35:44.880574,2020-04-06 00:00:00.000000,0.09029664,0.19509619,0.43411797,10,23,51,6,17,38,0.05778761,0.14574872,0.32695830,0.08333372,0.13910332,0.22006755
29115,0,USMissouriLinn,Missouri,Linn,2021-07-21 12:35:44.880574,2020-04-07 00:00:00.000000,0.10096296,0.19728243,0.43522797,12,23,51,8,17,40,0.06812378,0.15032350,0.33701896,0.07952742,0.13231675,0.21766697
29115,0,USMissouriLinn,Missouri,Linn,2021-07-21 12:35:44.880574,2020-04-08 00:00:00.000000,0.10478261,0.20625928,0.42079363,12,24,50,9,18,41,0.07854014,0.15489178,0.34420880,0.07714919,0.13009158,0.20905159
29115,0,USMissouriLinn,Missouri,Linn,2021-07-21 12:35:44.880574,2020-04-09 00:00:00.000000,0.10892624,0.21374659,0.42411433,12,25,50,9,19,39,0.08246216,0.16123224,0.33395216,0.07455372,0.12704744,0.20817223
29115,0,USMissouriLinn,Missouri,Linn,2021-07-21 12:35:44.880574,2020-04-10 00:00:00.000000,0.11718686,0.21872166,0.42664561,13,26,50,10,19,39,0.08624415,0.16512772,0.32858579,0.07045730,0.12212303,0.20400656
29115,0,USMissouriLinn,Missouri,Linn,2021-07-21 12:35:44.880574,2020-04-11 00:00:00.000000,0.12348724,0.22677784,0.42826600,14,27,51,10,20,39,0.08983402,0.17065605,0.33152837,0.06716506,0.11469803,0.19916840
29115,0,USMissouriLinn,Missouri,Linn,2021-07-21 12:35:44.880574,2020-04-12 00:00:00.000000,0.12686657,0.22956206,0.42902141,15,27,51,11,21,39,0.09556144,0.17667884,0.33355488,0.06500339,0.10828703,0.19392953
29115,0,USMissouriLinn,Missouri,Linn,2021-07-21 12:35:44.880574,2020-04-13 00:00:00.000000,0.12191384,0.21641525,0.41199576,14,25,49,12,21,39,0.10082922,0.17831381,0.33466397,0.06361450,0.10680027,0.19361466
29115,0,USMissouriLinn,Missouri,Linn,2021-07-21 12:35:44.880574,2020-04-14 00:00:00.000000,0.11669575,0.20753986,0.39262665,13,24,46,11,19,39,0.09488812,0.16690598,0.33267245,0.06128047,0.10492747,0.18606852
29115,0,USMissouriLinn,Missouri,Linn,2021-07-21 12:35:44.880574,2020-04-15 00:00:00.000000,0.10776410,0.20010697,0.37224796,12,23,44,10,18,37,0.08984837,0.15798418,0.31650617,0.05827435,0.10359884,0.17853729
29115,0,USMissouriLinn,Missouri,Linn,2021-07-21 12:35:44.880574,2020-04-16 00:00:00.000000,0.09935085,0.18789898,0.35211224,11,22,41,9,18,35,0.08293181,0.15460857,0.30015423,0.05781575,0.09979773,0.17310592
29115,0,USMissouriLinn,Missouri,Linn,2021-07-21 12:35:44.880574,2020-04-17 00:00:00.000000,0.09159075,0.17851171,0.33625308,10,21,40,9,17,33,0.07704020,0.14654073,0.28488169,0.05394125,0.09637618,0.16689028
29115,0,USMissouriLinn,Missouri,Linn,2021-07-21 12:35:44.880574,2020-04-18 00:00:00.000000,0.08478731,0.16755140,0.32417055,10,19,38,8,16,32,0.07200567,0.14036504,0.27654672,0.05276745,0.09179119,0.15872092
29115,0,USMissouriLinn,Missouri,Linn,2021-07-21 12:35:44.880574,2020-04-19 00:00:00.000000,0.07828537,0.15604335,0.31140921,9,18,37,7,15,32,0.06663809,0.13167380,0.26945053,0.05151185,0.08942805,0.15299047
29115,0,USMissouriLinn,Missouri,Linn,2021-07-21 12:35:44.880574,2020-04-20 00:00:00.000000,0.07217302,0.14609213,0.29871864,8,17,35,7,14,31,0.06159692,0.12477387,0.26306098,0.05040728,0.08758765,0.14775945
29115,0,USMissouriLinn,Missouri,Linn,2021-07-21 12:35:44.880574,2020-04-21 00:00:00.000000,0.06646609,0.13840972,0.29026990,7,16,34,6,14,30,0.05685322,0.11784770,0.25629868,0.04965380,0.08553868,0.14729501
29115,0,USMissouriLinn,Missouri,Linn,2021-07-21 12:35:44.880574,2020-04-22 00:00:00.000000,0.06120105,0.13134523,0.28204543,7,15,33,6,13,29,0.05242260,0.11028828,0.24946751,0.04867594,0.08510293,0.14722326
29115,0,USMissouriLinn,Missouri,Linn,2021-07-21 12:35:44.880574,2020-04-23 00:00:00.000000,0.05636045,0.12392535,0.27409971,6,14,32,5,12,28,0.04842954,0.10518457,0.24273456,0.04559780,0.08389847,0.14711108
29115,0,USMissouriLinn,Missouri,Linn,2021-07-21 12:35:44.880574,2020-04-24 00:00:00.000000,0.05191618,0.11640896,0.26639001,6,13,31,5,11,28,0.04441605,0.09914654,0.23615759,0.04441554,0.08451694,0.14678783
29115,0,USMissouriLinn,Missouri,Linn,2021-07-21 12:35:44.880574,2020-04-25 00:00:00.000000,0.04748442,0.10917395,0.25876676,5,13,30,4,11,27,0.04036925,0.09282574,0.22972072,0.04374701,0.08180662,0.14578087
29115,0,USMissouriLinn,Missouri,Linn,2021-07-21 12:35:44.880574,2020-04-26 00:00:00.000000,0.04329510,0.10198751,0.25093453,5,12,29,4,10,26,0.03717955,0.08626654,0.22332887,0.04051684,0.07852488,0.14416610
29115,0,USMissouriLinn,Missouri,Linn,2021-07-21 12:35:44.880574,2020-04-27 00:00:00.000000,0.03992906,0.09503724,0.24258611,4,11,28,4,9,25,0.03418729,0.08040590,0.21677522,0.03820204,0.07584440,0.14268963
29115,0,USMissouriLinn,Missouri,Linn,2021-07-21 12:35:44.880574,2020-04-28 00:00:00.000000,0.03672700,0.08939187,0.23377535,4,10,27,3,8,25,0.03130270,0.07524996,0.20982584,0.03690802,0.07235379,0.14134865
29115,0,USMissouriLinn,Missouri,Linn,2021-07-21 12:35:44.880574,2020-04-29 00:00:00.000000,0.03331129,0.08424211,0.22481822,3,10,26,3,8,24,0.02852956,0.07099459,0.20249097,0.03618518,0.06860011,0.14000835
29115,0,USMissouriLinn,Missouri,Linn,2021-07-21 12:35:44.880574,2020-04-30 00:00:00.000000,0.03019700,0.07904842,0.21591821,3,9,25,3,8,23,0.02594955,0.06750897,0.19500250,0.03556517,0.06752021,0.13821873
29115,0,USMissouriLinn,Missouri,Linn,2021-07-21 12:35:44.880574,2020-05-01 00:00:00.000000,0.02736589,0.07430323,0.20710114,3,8,24,2,7,22,0.02358396,0.06381541,0.18753632,0.03362188,0.06636421,0.13639486
29115,0,USMissouriLinn,Missouri,Linn,2021-07-21 12:35:44.880574,2020-05-02 00:00:00.000000,0.02478883,0.06984211,0.19832775,2,8,23,2,7,21,0.02140048,0.06067224,0.18012273,0.03299998,0.06584285,0.13617510
29115,0,USMissouriLinn,Missouri,Linn,2021-07-21 12:35:44.880574,2020-05-03 00:00:00.000000,0.02244553,0.06565362,0.18963993,2,7,22,2,6,20,0.01939908,0.05728599,0.17273010,0.03191060,0.06514515,0.13060723
29115,0,USMissouriLinn,Missouri,Linn,2021-07-21 12:35:44.880574,2020-05-04 00:00:00.000000,0.02032001,0.06166467,0.18115843,2,7,21,2,6,19,0.01757628,0.05362623,0.16538381,0.03132003,0.06431321,0.12462172
29115,0,USMissouriLinn,Missouri,Linn,2021-07-21 12:35:44.880574,2020-05-05 00:00:00.000000,0.01839590,0.05808647,0.17298793,2,6,20,1,5,18,0.01592042,0.05015746,0.15817755,0.03108002,0.06338132,0.12247082
29115,0,USMissouriLinn,Missouri,Linn,2021-07-21 12:35:44.880574,2020-05-06 00:00:00.000000,0.01665600,0.05470622,0.16518275,1,6,19,1,5,18,0.01441959,0.04718904,0.15120118,0.03103727,0.06200233,0.12179470
29115,0,USMissouriLinn,Missouri,Linn,2021-07-21 12:35:44.880574,2020-05-07 00:00:00.000000,0.01508360,0.05151029,0.15777207,1,6,18,1,5,17,0.01305420,0.04445558,0.14450454,0.03113091,0.06093506,0.12171185
29115,0,USMissouriLinn,Missouri,Linn,2021-07-21 12:35:44.880574,2020-05-08 00:00:00.000000,0.01366272,0.04848758,0.15083533,1,5,17,1,4,16,0.01180337,0.04187705,0.13811429,0.03130210,0.05989289,0.12215334
29115,0,USMissouriLinn,Missouri,Linn,2021-07-21 12:35:44.880574,2020-05-09 00:00:00.000000,0.01237802,0.04535944,0.14430758,1,5,17,1,4,15,0.01067503,0.03941858,0.13209064,0.03077179,0.05972232,0.12307057
29115,0,USMissouriLinn,Missouri,Linn,2021-07-21 12:35:44.880574,2020-05-10 00:00:00.000000,0.01120313,0.04231452,0.13810163,1,5,16,1,4,15,0.00965651,0.03680252,0.12640346,0.02774496,0.05906053,0.11795243
29115,0,USMissouriLinn,Missouri,Linn,2021-07-21 12:35:44.880574,2020-05-11 00:00:00.000000,0.01909048,0.05307829,0.15848694,2,6,18,1,4,14,0.00873520,0.03430023,0.12098714,0.02653241,0.05894470,0.11628569
29115,0,USMissouriLinn,Missouri,Linn,2021-07-21 12:35:44.880574,2020-05-12 00:00:00.000000,0.02451487,0.06353965,0.18073241,2,7,21,1,4,15,0.01535103,0.04126471,0.13369651,0.02637439,0.05791480,0.11657186
29115,0,USMissouriLinn,Missouri,Linn,2021-07-21 12:35:44.880574,2020-05-13 00:00:00.000000,0.02842814,0.07169439,0.20295792,3,8,24,2,6,17,0.01973326,0.05052211,0.15057054,0.02527145,0.05687234,0.11659466
29115,0,USMissouriLinn,Missouri,Linn,2021-07-21 12:35:44.880574,2020-05-14 00:00:00.000000,0.03186349,0.08281641,0.24233935,3,9,28,2,6,19,0.02249168,0.05616419,0.16711241,0.02352074,0.05530638,0.11653072
29115,0,USMissouriLinn,Missouri,Linn,2021-07-21 12:35:44.880574,2020-05-15 00:00:00.000000,0.03421006,0.08849882,0.26579568,4,10,31,2,7,22,0.02473493,0.06406400,0.19139369,0.02244556,0.05437133,0.11637634
29115,0,USMissouriLinn,Missouri,Linn,2021-07-21 12:35:44.880574,2020-05-16 00:00:00.000000,0.03733769,0.09416417,0.29766766,4,11,35,3,8,26,0.02601296,0.06960591,0.21883415,0.02218519,0.05344708,0.11276485
29115,0,USMissouriLinn,Missouri,Linn,2021-07-21 12:35:44.880574,2020-05-17 00:00:00.000000,0.03922310,0.09937547,0.32733988,4,11,39,3,8,29,0.02839744,0.07455835,0.24457222,0.02217680,0.05280807,0.10823080
29115,0,USMissouriLinn,Missouri,Linn,2021-07-21 12:35:44.880574,2020-05-18 00:00:00.000000,0.04917734,0.10298914,0.32685172,5,12,38,3,9,32,0.02999066,0.07788247,0.26883474,0.02270145,0.05265403,0.10375061
29115,0,USMissouriLinn,Missouri,Linn,2021-07-21 12:35:44.880574,2020-05-19 00:00:00.000000,0.05263386,0.11012405,0.32457846,6,13,38,4,9,31,0.03824369,0.08208072,0.26750892,0.02324705,0.05096582,0.09927132
29115,0,USMissouriLinn,Missouri,Linn,2021-07-21 12:35:44.880574,2020-05-20 00:00:00.000000,0.05267868,0.11401292,0.31989752,6,13,38,4,10,31,0.03977301,0.08598743,0.26497766,0.02335166,0.04870334,0.09412344
29115,0,USMissouriLinn,Missouri,Linn,2021-07-21 12:35:44.880574,2020-05-21 00:00:00.000000,0.05463542,0.11970369,0.32583824,6,14,38,4,10,31,0.03986334,0.08849104,0.26305804,0.02362186,0.05059409,0.08876918
29115,0,USMissouriLinn,Missouri,Linn,2021-07-21 12:35:44.880574,2020-05-22 00:00:00.000000,0.05387629,0.12363482,0.32886119,6,14,39,4,11,31,0.04108636,0.09396449,0.26156315,0.02365625,0.05034738,0.08844719
29115,0,USMissouriLinn,Missouri,Linn,2021-07-21 12:35:44.880574,2020-05-23 00:00:00.000000,0.05461193,0.13139004,0.33941565,6,15,40,5,11,31,0.04234392,0.09771906,0.26364251,0.02286371,0.05012130,0.08824881
29115,0,USMissouriLinn,Missouri,Linn,2021-07-21 12:35:44.880574,2020-05-24 00:00:00.000000,0.05589495,0.13601181,0.33869694,6,16,40,5,12,31,0.04348232,0.10211230,0.26493314,0.02199443,0.04956905,0.08525505
29115,0,USMissouriLinn,Missouri,Linn,2021-07-21 12:35:44.880574,2020-05-25 00:00:00.000000,0.06783887,0.13976768,0.33649723,8,16,40,5,12,31,0.04449961,0.10515688,0.26580232,0.02138548,0.04780935,0.08237265
29115,0,USMissouriLinn,Missouri,Linn,2021-07-21 12:35:44.880574,2020-05-26 00:00:00.000000,0.07942119,0.14211935,0.33506888,9,16,39,6,12,31,0.05277482,0.10729606,0.26445985,0.02107360,0.04841088,0.07992921
29115,0,USMissouriLinn,Missouri,Linn,2021-07-21 12:35:44.880574,2020-05-27 00:00:00.000000,0.08292699,0.14397183,0.33424846,9,17,39,7,13,31,0.06001780,0.11031453,0.26379262,0.02100434,0.04977308,0.07857081
29115,0,USMissouriLinn,Missouri,Linn,2021-07-21 12:35:44.880574,2020-05-28 00:00:00.000000,0.08266632,0.14691953,0.33300299,9,17,39,7,13,31,0.06573888,0.11328738,0.26309108,0.02104046,0.04905946,0.07715017
29115,0,USMissouriLinn,Missouri,Linn,2021-07-21 12:35:44.880574,2020-05-29 00:00:00.000000,0.08146201,0.14865654,0.32132151,9,17,38,7,13,31,0.06584212,0.11565277,0.26217695,0.02125323,0.04785848,0.07587901
29115,0,USMissouriLinn,Missouri,Linn,2021-07-21 12:35:44.880574,2020-05-30 00:00:00.000000,0.08249757,0.14813025,0.33149015,9,17,39,7,13,30,0.06330698,0.11664232,0.25314131,0.02127730,0.04741223,0.07624861
29115,0,USMissouriLinn,Missouri,Linn,2021-07-21 12:35:44.880574,2020-05-31 00:00:00.000000,0.08198194,0.15204441,0.33125429,9,18,39,7,13,30,0.06505450,0.11697100,0.25429220,0.02127770,0.04708799,0.07662943
29115,0,USMissouriLinn,Missouri,Linn,2021-07-21 12:35:44.880574,2020-06-01 00:00:00.000000,0.08067304,0.15557062,0.34840580,9,18,41,7,14,31,0.06437190,0.11875623,0.26048288,0.02127514,0.04720155,0.07632299
29115,0,USMissouriLinn,Missouri,Linn,2021-07-21 12:35:44.880574,2020-06-02 00:00:00.000000,0.07961774,0.15358279,0.33068388,9,18,39,7,14,31,0.06316511,0.12147176,0.26586735,0.02118534,0.04712691,0.07040389
29115,0,USMissouriLinn,Missouri,Linn,2021-07-21 12:35:44.880574,2020-06-03 00:00:00.000000,0.07875589,0.15758095,0.31069408,9,18,37,7,14,30,0.06271617,0.12337632,0.25306429,0.02093707,0.04674159,0.07028784
29115,0,USMissouriLinn,Missouri,Linn,2021-07-21 12:35:44.880574,2020-06-04 00:00:00.000000,0.07788618,0.15674752,0.30538492,9,18,36,7,14,28,0.06262855,0.12293411,0.24201382,0.02100234,0.04606931,0.07177891
29115,0,USMissouriLinn,Missouri,Linn,2021-07-21 12:35:44.880574,2020-06-05 00:00:00.000000,0.07702938,0.16136415,0.30434768,9,19,36,7,14,28,0.06255960,0.12541923,0.24136628,0.02120067,0.04544764,0.07352922
29115,0,USMissouriLinn,Missouri,Linn,2021-07-21 12:35:44.880574,2020-06-06 00:00:00.000000,0.07618528,0.16202987,0.30341036,9,19,36,7,15,28,0.06200166,0.12909260,0.24077690,0.02114454,0.04357585,0.07277960
29115,0,USMissouriLinn,Missouri,Linn,2021-07-21 12:35:44.880574,2020-06-07 00:00:00.000000,0.07536368,0.16239050,0.31111254,8,19,37,7,15,28,0.06106637,0.12985925,0.24028436,0.02103559,0.04312106,0.07411253
29115,0,USMissouriLinn,Missouri,Linn,2021-07-21 12:35:44.880574,2020-06-08 00:00:00.000000,0.08348473,0.16361747,0.30661725,9,19,36,7,15,28,0.06013089,0.12838598,0.24000500,0.01985815,0.04245144,0.07359859
29115,0,USMissouriLinn,Missouri,Linn,2021-07-21 12:35:44.880574,2020-06-09 00:00:00.000000,0.08927314,0.16060521,0.31055552,10,19,37,7,15,28,0.06522696,0.13043756,0.24251361,0.01928709,0.04233391,0.07175211
29115,0,USMissouriLinn,Missouri,Linn,2021-07-21 12:35:44.880574,2020-06-10 00:00:00.000000,0.09345564,0.16050452,0.31474685,11,19,37,8,15,29,0.07055645,0.12915504,0.24564063,0.01925708,0.04263022,0.06994416
29115,0,USMissouriLinn,Missouri,Linn,2021-07-21 12:35:44.880574,2020-06-11 00:00:00.000000,0.09381701,0.16616486,0.31871825,11,19,37,8,15,29,0.07074315,0.13034622,0.24877955,0.01983603,0.04169857,0.06841515
29115,0,USMissouriLinn,Missouri,Linn,2021-07-21 12:35:44.880574,2020-06-12 00:00:00.000000,0.09412237,0.16785581,0.32236602,11,20,38,8,15,30,0.07093559,0.13214758,0.25175937,0.02036223,0.04099105,0.06851880
29115,0,USMissouriLinn,Missouri,Linn,2021-07-21 12:35:44.880574,2020-06-13 00:00:00.000000,0.09440470,0.17198120,0.32680768,11,20,38,8,15,30,0.07112287,0.13417435,0.25453492,0.02085219,0.04031217,0.06850537
29115,0,USMissouriLinn,Missouri,Linn,2021-07-21 12:35:44.880574,2020-06-14 00:00:00.000000,0.09466242,0.17464619,0.32927959,11,20,39,8,16,30,0.07130267,0.13695328,0.25708507,0.02069880,0.03991495,0.06742802
29115,0,USMissouriLinn,Missouri,Linn,2021-07-21 12:35:44.880574,2020-06-15 00:00:00.000000,0.10047564,0.17474561,0.31514748,11,20,37,8,16,30,0.07147223,0.14028803,0.25842827,0.01966023,0.03932815,0.06671544
29115,0,USMissouriLinn,Missouri,Linn,2021-07-21 12:35:44.880574,2020-06-16 00:00:00.000000,0.10049627,0.17352264,0.30020989,11,20,35,9,16,29,0.07913214,0.13691986,0.24998849,0.01869459,0.03870474,0.06685067
29115,0,USMissouriLinn,Missouri,Linn,2021-07-21 12:35:44.880574,2020-06-17 00:00:00.000000,0.09968610,0.17734487,0.29770160,11,21,35,9,16,28,0.07885137,0.13753190,0.24093527,0.01790613,0.03806150,0.06690315
29115,0,USMissouriLinn,Missouri,Linn,2021-07-21 12:35:44.880574,2020-06-18 00:00:00.000000,0.09933421,0.17827406,0.30233255,11,21,36,9,16,27,0.07847532,0.13982288,0.23365714,0.01813715,0.03789611,0.06844674
29115,0,USMissouriLinn,Missouri,Linn,2021-07-21 12:35:44.880574,2020-06-19 00:00:00.000000,0.09897178,0.17731121,0.29444802,11,21,35,9,16,28,0.07811367,0.14057328,0.23532495,0.01826928,0.03845757,0.07260332
29115,0,USMissouriLinn,Missouri,Linn,2021-07-21 12:35:44.880574,2020-06-20 00:00:00.000000,0.09860587,0.17749987,0.29495715,11,21,35,9,16,28,0.07757355,0.14030930,0.23617653,0.01811998,0.03800105,0.07426059
29115,0,USMissouriLinn,Missouri,Linn,2021-07-21 12:35:44.880574,2020-06-21 00:00:00.000000,0.09824362,0.17591575,0.29722500,11,20,35,9,16,27,0.07620367,0.14154865,0.23057408,0.01846170,0.03666509,0.07498072
29115,0,USMissouriLinn,Missouri,Linn,2021-07-21 12:35:44.880574,2020-06-22 00:00:00.000000,0.09625296,0.17588209,0.28221869,11,20,33,8,16,27,0.07494652,0.13987729,0.23230320,0.01876158,0.03597159,0.07647474
29115,0,USMissouriLinn,Missouri,Linn,2021-07-21 12:35:44.880574,2020-06-23 00:00:00.000000,0.10083540,0.17234723,0.28648400,12,20,34,9,16,26,0.07701732,0.14136216,0.22130234,0.01877621,0.03560093,0.07729069
29115,0,USMissouriLinn,Missouri,Linn,2021-07-21 12:35:44.880574,2020-06-24 00:00:00.000000,0.10354742,0.18174227,0.27014942,12,21,32,9,16,26,0.07761906,0.13834402,0.22229443,0.01878602,0.03587220,0.07552002
29115,0,USMissouriLinn,Missouri,Linn,2021-07-21 12:35:44.880574,2020-06-25 00:00:00.000000,0.10353670,0.18210798,0.27731030,12,21,33,9,16,25,0.08159323,0.13997350,0.21550079,0.01879927,0.03638470,0.07346364
29115,0,USMissouriLinn,Missouri,Linn,2021-07-21 12:35:44.880574,2020-06-26 00:00:00.000000,0.10741908,0.18084995,0.28735530,12,21,34,9,17,27,0.08224819,0.14429138,0.22689915,0.01882420,0.03561219,0.07275271
29115,0,USMissouriLinn,Missouri,Linn,2021-07-21 12:35:44.880574,2020-06-27 00:00:00.000000,0.10943450,0.18049174,0.30254582,13,21,36,9,17,26,0.08217562,0.14536030,0.21931450,0.01887217,0.03705665,0.07385049
29115,0,USMissouriLinn,Missouri,Linn,2021-07-21 12:35:44.880574,2020-06-28 00:00:00.000000,0.10583096,0.18063017,0.30952637,12,21,36,10,17,27,0.08464355,0.14471592,0.22862015,0.01895563,0.03722162,0.07739327
29115,0,USMissouriLinn,Missouri,Linn,2021-07-21 12:35:44.880574,2020-06-29 00:00:00.000000,0.11327871,0.18290305,0.29808366,13,21,35,9,17,28,0.08271259,0.14361106,0.23823188,0.01907573,0.03615487,0.07665887
29115,0,USMissouriLinn,Missouri,Linn,2021-07-21 12:35:44.880574,2020-06-30 00:00:00.000000,0.10956076,0.18216196,0.29340143,13,21,34,10,17,27,0.08804017,0.14485819,0.23224208,0.01920921,0.03547016,0.07521571
29115,0,USMissouriLinn,Missouri,Linn,2021-07-21 12:35:44.880574,2020-07-01 00:00:00.000000,0.10467614,0.17932113,0.30111986,12,21,35,10,17,27,0.08402196,0.14644981,0.22847821,0.01932458,0.03436807,0.07419022
29115,0,USMissouriLinn,Missouri,Linn,2021-07-21 12:35:44.880574,2020-07-02 00:00:00.000000,0.09800370,0.17748306,0.32668187,11,21,38,9,17,28,0.07847278,0.14455889,0.24141255,0.01941483,0.03398110,0.07365721
29115,0,USMissouriLinn,Missouri,Linn,2021-07-21 12:35:44.880574,2020-07-03 00:00:00.000000,0.09299230,0.17392222,0.34957242,11,20,41,8,16,31,0.07379882,0.14205620,0.26041526,0.01950298,0.03445055,0.07342440
29115,0,USMissouriLinn,Missouri,Linn,2021-07-21 12:35:44.880574,2020-07-04 00:00:00.000000,0.09464509,0.16944958,0.36996954,11,20,44,8,16,33,0.07524611,0.13906189,0.27774485,0.01945708,0.03427725,0.07332328
29115,0,USMissouriLinn,Missouri,Linn,2021-07-21 12:35:44.880574,2020-07-05 00:00:00.000000,0.09036303,0.16907757,0.38692404,10,20,46,8,16,34,0.07350187,0.13458236,0.29348149,0.01939194,0.03393237,0.07755609
29115,0,USMissouriLinn,Missouri,Linn,2021-07-21 12:35:44.880574,2020-07-06 00:00:00.000000,0.08784465,0.16408485,0.38365053,10,19,45,8,16,36,0.07004996,0.13580052,0.30778053,0.01935667,0.03379275,0.08000763
29115,0,USMissouriLinn,Missouri,Linn,2021-07-21 12:35:44.880574,2020-07-07 00:00:00.000000,0.08581204,0.17408063,0.37931405,10,20,45,8,15,35,0.06840606,0.13342572,0.30157000,0.01931249,0.03358054,0.08036417
29115,0,USMissouriLinn,Missouri,Linn,2021-07-21 12:35:44.880574,2020-07-08 00:00:00.000000,0.08422815,0.17237332,0.36743416,10,20,43,7,16,35,0.06696304,0.13803572,0.29635991,0.01931795,0.03336203,0.07989614
29115,0,USMissouriLinn,Missouri,Linn,2021-07-21 12:35:44.880574,2020-07-09 00:00:00.000000,0.08539028,0.17306103,0.35089120,10,20,41,8,16,34,0.06729065,0.13706780,0.29178640,0.01966306,0.03301021,0.07609958
29115,0,USMissouriLinn,Missouri,Linn,2021-07-21 12:35:44.880574,2020-07-10 00:00:00.000000,0.08678839,0.17166979,0.33654912,10,20,40,8,16,34,0.06845076,0.13738837,0.28699476,0.01931248,0.03262353,0.07401128
29115,0,USMissouriLinn,Missouri,Linn,2021-07-21 12:35:44.880574,2020-07-11 00:00:00.000000,0.08480722,0.17240447,0.32400104,10,20,38,8,16,32,0.06797125,0.13604523,0.27644887,0.02018997,0.03253957,0.07390644
29115,0,USMissouriLinn,Missouri,Linn,2021-07-21 12:35:44.880574,2020-07-12 00:00:00.000000,0.08226041,0.17618296,0.32630910,9,21,38,7,16,31,0.06578678,0.13764894,0.26692294,0.02078057,0.03189607,0.07451494
29115,0,USMissouriLinn,Missouri,Linn,2021-07-21 12:35:44.880574,2020-07-13 00:00:00.000000,0.09618709,0.17460768,0.31370295,11,20,37,7,16,30,0.06381510,0.13937567,0.25823479,0.02093852,0.03159515,0.07439369
29115,0,USMissouriLinn,Missouri,Linn,2021-07-21 12:35:44.880574,2020-07-14 00:00:00.000000,0.09855440,0.18637402,0.31237672,11,22,37,8,16,30,0.07409488,0.13792297,0.25176483,0.02059871,0.03138096,0.07417589
29115,0,USMissouriLinn,Missouri,Linn,2021-07-21 12:35:44.880574,2020-07-15 00:00:00.000000,0.10109269,0.18218162,0.31254268,12,21,37,9,17,29,0.07844779,0.14334641,0.24766209,0.02036012,0.03150601,0.07279263
29115,0,USMissouriLinn,Missouri,Linn,2021-07-21 12:35:44.880574,2020-07-16 00:00:00.000000,0.09639809,0.17952469,0.32242220,11,21,38,9,16,30,0.07969182,0.14098576,0.25298044,0.02047976,0.03204433,0.07296511
29115,0,USMissouriLinn,Missouri,Linn,2021-07-21 12:35:44.880574,2020-07-17 00:00:00.000000,0.09610170,0.18267885,0.32537354,11,21,38,9,17,30,0.07605914,0.14300259,0.25872348,0.02051584,0.03273318,0.07320960
29115,0,USMissouriLinn,Missouri,Linn,2021-07-21 12:35:44.880574,2020-07-18 00:00:00.000000,0.09737007,0.18023813,0.32983348,11,21,39,8,17,31,0.07423846,0.14351450,0.26409922,0.01935374,0.03383743,0.07325819
29115,0,USMissouriLinn,Missouri,Linn,2021-07-21 12:35:44.880574,2020-07-19 00:00:00.000000,0.09896945,0.18038236,0.33254239,11,21,39,9,17,32,0.07556482,0.14371217,0.26921774,0.01882147,0.03424633,0.07458625
29115,0,USMissouriLinn,Missouri,Linn,2021-07-21 12:35:44.880574,2020-07-20 00:00:00.000000,0.09978675,0.17638611,0.32298324,11,21,38,9,17,32,0.07674438,0.14535049,0.26886488,0.01865448,0.03377304,0.07622278
29115,0,USMissouriLinn,Missouri,Linn,2021-07-21 12:35:44.880574,2020-07-21 00:00:00.000000,0.10036408,0.17825545,0.31579675,11,21,37,9,16,31,0.07590630,0.14143775,0.26486495,0.01861631,0.03389617,0.07698931
29115,0,USMissouriLinn,Missouri,Linn,2021-07-21 12:35:44.880574,2020-07-22 00:00:00.000000,0.10289418,0.17463971,0.31210948,12,20,37,9,16,31,0.07674313,0.14004713,0.26149336,0.01864501,0.03377443,0.07738655
29115,0,USMissouriLinn,Missouri,Linn,2021-07-21 12:35:44.880574,2020-07-23 00:00:00.000000,0.10517873,0.17391679,0.30870174,12,20,36,9,16,30,0.07860193,0.13750906,0.25835357,0.01877168,0.03370635,0.07784427
29115,0,USMissouriLinn,Missouri,Linn,2021-07-21 12:35:44.880574,2020-07-24 00:00:00.000000,0.10286899,0.17380082,0.30557541,12,20,36,9,16,30,0.08023482,0.13852201,0.25543414,0.01900761,0.03370499,0.07891216
29115,0,USMissouriLinn,Missouri,Linn,2021-07-21 12:35:44.880574,2020-07-25 00:00:00.000000,0.10017632,0.17170992,0.31840331,11,20,37,9,16,30,0.07816348,0.13795864,0.25274066,0.01877182,0.03369810,0.07685249
29115,0,USMissouriLinn,Missouri,Linn,2021-07-21 12:35:44.880574,2020-07-26 00:00:00.000000,0.09839065,0.16953871,0.33985581,11,20,40,9,16,30,0.07660036,0.13613650,0.25216538,0.01867234,0.03369972,0.07340843
29115,0,USMissouriLinn,Missouri,Linn,2021-07-21 12:35:44.880574,2020-07-27 00:00:00.000000,0.09609972,0.17576605,0.33229429,11,20,39,8,16,32,0.07525082,0.13522760,0.26855513,0.01848061,0.03499209,0.07733962
29115,0,USMissouriLinn,Missouri,Linn,2021-07-21 12:35:44.880574,2020-07-28 00:00:00.000000,0.09401063,0.18073212,0.32265605,11,21,38,8,16,30,0.07349684,0.14082544,0.25939213,0.01836016,0.03634759,0.07798088
29115,0,USMissouriLinn,Missouri,Linn,2021-07-21 12:35:44.880574,2020-07-29 00:00:00.000000,0.09304461,0.18411920,0.33089536,11,21,39,8,16,30,0.07185022,0.14259104,0.25315225,0.01829545,0.03637325,0.07828525
29115,0,USMissouriLinn,Missouri,Linn,2021-07-21 12:35:44.880574,2020-07-30 00:00:00.000000,0.09302721,0.18778512,0.33173216,11,22,39,8,17,32,0.07049706,0.14310416,0.27026309,0.01806840,0.03639747,0.07860957
29115,0,USMissouriLinn,Missouri,Linn,2021-07-21 12:35:44.880574,2020-07-31 00:00:00.000000,0.09296757,0.18534799,0.33349431,11,22,39,8,17,31,0.07035155,0.14285797,0.26662286,0.01805381,0.03510931,0.07927152
29115,0,USMissouriLinn,Missouri,Linn,2021-07-21 12:35:44.880574,2020-08-01 00:00:00.000000,0.09287345,0.18480660,0.34611582,11,22,41,8,17,31,0.07020986,0.14298520,0.26286693,0.01810058,0.03456746,0.08067597
29115,0,USMissouriLinn,Missouri,Linn,2021-07-21 12:35:44.880574,2020-08-02 00:00:00.000000,0.09188247,0.17955302,0.35728106,10,21,42,8,16,32,0.07007238,0.14256140,0.27072512,0.01757938,0.03461710,0.08298682
29115,0,USMissouriLinn,Missouri,Linn,2021-07-21 12:35:44.880574,2020-08-03 00:00:00.000000,0.10484816,0.18335860,0.32912632,12,21,39,8,16,33,0.06967478,0.14193812,0.27933995,0.01816893,0.03454288,0.08314734
29115,0,USMissouriLinn,Missouri,Linn,2021-07-21 12:35:44.880574,2020-08-04 00:00:00.000000,0.10382265,0.19403667,0.32132521,12,23,38,9,17,31,0.08132502,0.14772592,0.26349235,0.01817211,0.03431149,0.08318199
29115,0,USMissouriLinn,Missouri,Linn,2021-07-21 12:35:44.880574,2020-08-05 00:00:00.000000,0.09748769,0.19655660,0.33918060,11,23,40,9,17,32,0.08108317,0.14959843,0.27087462,0.01809420,0.03519770,0.08208180
29115,0,USMissouriLinn,Missouri,Linn,2021-07-21 12:35:44.880574,2020-08-06 00:00:00.000000,0.09239075,0.19152436,0.34405435,11,22,41,9,18,33,0.07642451,0.15184013,0.27841118,0.01807060,0.03440262,0.08298311
29115,0,USMissouriLinn,Missouri,Linn,2021-07-21 12:35:44.880574,2020-08-07 00:00:00.000000,0.09730132,0.19337105,0.34783503,11,23,41,8,18,34,0.07335099,0.15304647,0.28581319,0.01806933,0.03417637,0.08033048
29115,0,USMissouriLinn,Missouri,Linn,2021-07-21 12:35:44.880574,2020-08-08 00:00:00.000000,0.10155410,0.19402230,0.37226797,12,23,44,8,17,34,0.07383332,0.15083551,0.29331179,0.01807635,0.03403660,0.08252257
29115,0,USMissouriLinn,Missouri,Linn,2021-07-21 12:35:44.880574,2020-08-09 00:00:00.000000,0.10336636,0.18806460,0.40416952,12,22,48,9,17,35,0.07695060,0.14927548,0.30095530,0.01808046,0.03445351,0.08686648
29115,0,USMissouriLinn,Missouri,Linn,2021-07-21 12:35:44.880574,2020-08-10 00:00:00.000000,0.10523980,0.18651900,0.38909889,12,22,46,9,17,36,0.07968216,0.14771821,0.30838069,0.01531055,0.03442620,0.08612782
29115,0,USMissouriLinn,Missouri,Linn,2021-07-21 12:35:44.880574,2020-08-11 00:00:00.000000,0.11373702,0.18740992,0.37101966,13,22,44,9,17,35,0.07960979,0.14789302,0.29872846,0.01514272,0.03441607,0.08582936
29115,0,USMissouriLinn,Missouri,Linn,2021-07-21 12:35:44.880574,2020-08-12 00:00:00.000000,0.12870981,0.19303726,0.34919567,15,23,41,10,17,34,0.08821656,0.14869965,0.28872667,0.01513674,0.03485500,0.08448275
29115,0,USMissouriLinn,Missouri,Linn,2021-07-21 12:35:44.880574,2020-08-13 00:00:00.000000,0.12673141,0.19795321,0.34739585,15,23,41,12,18,33,0.10132410,0.15132915,0.27954035,0.01524000,0.03534166,0.08001638
29115,0,USMissouriLinn,Missouri,Linn,2021-07-21 12:35:44.880574,2020-08-14 00:00:00.000000,0.12350443,0.19893452,0.33898200,14,23,40,11,18,32,0.09887119,0.15395142,0.27372890,0.01650351,0.03600757,0.07993528
29115,0,USMissouriLinn,Missouri,Linn,2021-07-21 12:35:44.880574,2020-08-15 00:00:00.000000,0.12089741,0.19574950,0.34689490,14,23,41,11,18,32,0.09680713,0.15579567,0.27342613,0.01842970,0.03649183,0.07984813
29115,0,USMissouriLinn,Missouri,Linn,2021-07-21 12:35:44.880574,2020-08-16 00:00:00.000000,0.11734975,0.19504910,0.35156656,13,23,41,11,18,32,0.09294213,0.15723274,0.27271557,0.01833224,0.03665499,0.07913468
29115,0,USMissouriLinn,Missouri,Linn,2021-07-21 12:35:44.880574,2020-08-17 00:00:00.000000,0.11549920,0.19472512,0.34770015,13,23,41,10,18,34,0.09016809,0.15607512,0.28728225,0.01828802,0.03672786,0.07932702
29115,0,USMissouriLinn,Missouri,Linn,2021-07-21 12:35:44.880574,2020-08-18 00:00:00.000000,0.11257415,0.19015317,0.35099358,13,22,41,10,18,34,0.09015739,0.15260498,0.29315122,0.01827209,0.03675830,0.08090826
29115,0,USMissouriLinn,Missouri,Linn,2021-07-21 12:35:44.880574,2020-08-19 00:00:00.000000,0.11045197,0.18154858,0.35482408,13,21,42,10,17,35,0.08686119,0.14769983,0.29642272,0.01828138,0.03676678,0.08098726
29115,0,USMissouriLinn,Missouri,Linn,2021-07-21 12:35:44.880574,2020-08-20 00:00:00.000000,0.10850240,0.18382845,0.35791710,12,21,42,10,17,35,0.08483109,0.14375631,0.29911900,0.01749913,0.03671768,0.07980929
29115,0,USMissouriLinn,Missouri,Linn,2021-07-21 12:35:44.880574,2020-08-21 00:00:00.000000,0.10671071,0.18445290,0.34462704,12,21,41,9,17,35,0.08328458,0.14309137,0.29446866,0.01720745,0.03668120,0.08231426
29115,0,USMissouriLinn,Missouri,Linn,2021-07-21 12:35:44.880574,2020-08-22 00:00:00.000000,0.10310690,0.18375078,0.34296731,12,21,40,9,17,33,0.08186711,0.14494216,0.28303848,0.01740725,0.03544965,0.08130309
29115,0,USMissouriLinn,Missouri,Linn,2021-07-21 12:35:44.880574,2020-08-23 00:00:00.000000,0.09941198,0.17881930,0.35253576,11,21,42,9,17,33,0.08057657,0.14370211,0.27995473,0.01808281,0.03751152,0.08131144
29115,0,USMissouriLinn,Missouri,Linn,2021-07-21 12:35:44.880574,2020-08-24 00:00:00.000000,0.10355672,0.17969051,0.35167319,12,21,41,9,16,33,0.07941052,0.14061551,0.28266524,0.01874853,0.03727378,0.08321179
29115,0,USMissouriLinn,Missouri,Linn,2021-07-21 12:35:44.880574,2020-08-25 00:00:00.000000,0.10522569,0.18433101,0.34589480,12,21,41,9,16,33,0.08328116,0.14165307,0.27724629,0.02097283,0.03724840,0.08240608
29115,0,USMissouriLinn,Missouri,Linn,2021-07-21 12:35:44.880574,2020-08-26 00:00:00.000000,0.10306755,0.18042610,0.33508669,12,21,39,9,16,32,0.08143251,0.14097541,0.27346649,0.02139328,0.03724337,0.08095383
29115,0,USMissouriLinn,Missouri,Linn,2021-07-21 12:35:44.880574,2020-08-27 00:00:00.000000,0.10282515,0.18149752,0.32757554,12,21,39,9,16,32,0.07890490,0.13991532,0.27141014,0.02218112,0.03735363,0.08478149
29115,0,USMissouriLinn,Missouri,Linn,2021-07-21 12:35:44.880574,2020-08-28 00:00:00.000000,0.10271764,0.18275518,0.33656961,12,21,40,9,16,32,0.07867508,0.14227677,0.27009302,0.02214004,0.03893849,0.08765171
29115,0,USMissouriLinn,Missouri,Linn,2021-07-21 12:35:44.880574,2020-08-29 00:00:00.000000,0.10269972,0.18325145,0.34566546,12,21,41,9,17,32,0.07851665,0.14285368,0.27202443,0.02186359,0.04045646,0.08881848
29115,0,USMissouriLinn,Missouri,Linn,2021-07-21 12:35:44.880574,2020-08-30 00:00:00.000000,0.10255715,0.18745154,0.35444783,12,22,42,9,17,33,0.07847081,0.14484770,0.27758628,0.02163594,0.04166848,0.08921006
29115,0,USMissouriLinn,Missouri,Linn,2021-07-21 12:35:44.880574,2020-08-31 00:00:00.000000,0.10351288,0.18956058,0.34419271,12,22,41,9,17,33,0.07847934,0.14659575,0.28456742,0.02143512,0.04153495,0.09078127
29115,0,USMissouriLinn,Missouri,Linn,2021-07-21 12:35:44.880574,2020-09-01 00:00:00.000000,0.10732847,0.19768174,0.34344892,12,23,40,9,17,32,0.08202851,0.14916529,0.27564353,0.02133092,0.04172897,0.09136821
29115,0,USMissouriLinn,Missouri,Linn,2021-07-21 12:35:44.880574,2020-09-02 00:00:00.000000,0.10918256,0.19262325,0.33706807,13,22,40,10,18,33,0.08514109,0.15141286,0.27791213,0.02144600,0.04182476,0.09118789
29115,0,USMissouriLinn,Missouri,Linn,2021-07-21 12:35:44.880574,2020-09-03 00:00:00.000000,0.11038077,0.19290659,0.35440691,13,22,42,10,17,32,0.08638203,0.15005399,0.27390517,0.02190227,0.04278535,0.09265347
29115,0,USMissouriLinn,Missouri,Linn,2021-07-21 12:35:44.880574,2020-09-04 00:00:00.000000,0.10923174,0.19160312,0.39003452,13,22,46,10,18,32,0.08577866,0.15252945,0.27654105,0.02105868,0.04321386,0.09445334
29115,0,USMissouriLinn,Missouri,Linn,2021-07-21 12:35:44.880574,2020-09-05 00:00:00.000000,0.10820068,0.19454379,0.42749115,12,23,50,10,18,36,0.08485974,0.15183396,0.30447279,0.02158192,0.04463828,0.09510112
29115,0,USMissouriLinn,Missouri,Linn,2021-07-21 12:35:44.880574,2020-09-06 00:00:00.000000,0.10822810,0.20175750,0.45968286,12,24,54,10,18,38,0.08403339,0.15415402,0.32597639,0.02229286,0.04477496,0.09532578
29115,0,USMissouriLinn,Missouri,Linn,2021-07-21 12:35:44.880574,2020-09-07 00:00:00.000000,0.11490906,0.20704999,0.42278454,13,24,50,9,18,41,0.08328475,0.15598534,0.34940535,0.02197562,0.04528788,0.09551566
29115,0,USMissouriLinn,Missouri,Linn,2021-07-21 12:35:44.880574,2020-09-08 00:00:00.000000,0.12379293,0.21555776,0.38253793,14,25,45,10,19,37,0.09127628,0.16039429,0.31495538,0.02181772,0.04567142,0.09648936
29115,0,USMissouriLinn,Missouri,Linn,2021-07-21 12:35:44.880574,2020-09-09 00:00:00.000000,0.12228372,0.21642948,0.38490188,14,25,45,11,20,37,0.09643619,0.16969730,0.31301992,0.02174633,0.04572154,0.09707491
29115,0,USMissouriLinn,Missouri,Linn,2021-07-21 12:35:44.880574,2020-09-10 00:00:00.000000,0.12144178,0.21947844,0.40457172,14,26,48,11,19,36,0.09645687,0.16715646,0.30454280,0.02171823,0.04692631,0.09767992
29115,0,USMissouriLinn,Missouri,Linn,2021-07-21 12:35:44.880574,2020-09-11 00:00:00.000000,0.11965928,0.22160963,0.43487843,14,26,51,11,20,38,0.09741323,0.16946873,0.32636703,0.02171319,0.04820383,0.09855378
29115,0,USMissouriLinn,Missouri,Linn,2021-07-21 12:35:44.880574,2020-09-12 00:00:00.000000,0.11622530,0.22590183,0.46098151,13,26,54,11,20,41,0.09512085,0.17347699,0.34548495,0.02086657,0.04797720,0.09981527
29115,0,USMissouriLinn,Missouri,Linn,2021-07-21 12:35:44.880574,2020-09-13 00:00:00.000000,0.10942015,0.22531975,0.49564581,13,26,59,10,21,43,0.09019873,0.17810683,0.36803300,0.02039443,0.04930671,0.10130653
29115,0,USMissouriLinn,Missouri,Linn,2021-07-21 12:35:44.880574,2020-09-14 00:00:00.000000,0.12164251,0.22074986,0.50355637,14,26,60,10,21,47,0.08609669,0.17649686,0.39786072,0.02029970,0.04931533,0.10272736
29115,0,USMissouriLinn,Missouri,Linn,2021-07-21 12:35:44.880574,2020-09-15 00:00:00.000000,0.13280788,0.22401201,0.52208044,15,26,62,11,21,47,0.09751635,0.17644038,0.40232481,0.02121220,0.04949448,0.10393074
29115,0,USMissouriLinn,Missouri,Linn,2021-07-21 12:35:44.880574,2020-09-16 00:00:00.000000,0.12537147,0.22799547,0.54077962,14,27,64,12,20,49,0.10317824,0.17486049,0.41757201,0.02160597,0.05100708,0.10498195
29115,0,USMissouriLinn,Missouri,Linn,2021-07-21 12:35:44.880574,2020-09-17 00:00:00.000000,0.11861928,0.23584367,0.55039019,14,28,65,11,21,51,0.09760885,0.17844115,0.43277373,0.02161638,0.05203392,0.10619843
29115,0,USMissouriLinn,Missouri,Linn,2021-07-21 12:35:44.880574,2020-09-18 00:00:00.000000,0.11851547,0.24584637,0.55465316,14,29,66,11,22,53,0.09253803,0.18691163,0.44879038,0.02229781,0.05290900,0.10797118
29115,0,USMissouriLinn,Missouri,Linn,2021-07-21 12:35:44.880574,2020-09-19 00:00:00.000000,0.11988450,0.25387943,0.55874506,14,30,66,10,23,54,0.09207923,0.19349611,0.45372008,0.02225306,0.05299357,0.10817298
29115,0,USMissouriLinn,Missouri,Linn,2021-07-21 12:35:44.880574,2020-09-20 00:00:00.000000,0.12144941,0.25540281,0.61181425,14,30,72,11,23,54,0.09312498,0.20077397,0.45683415,0.02284966,0.05332272,0.11141419
29115,0,USMissouriLinn,Missouri,Linn,2021-07-21 12:35:44.880574,2020-09-21 00:00:00.000000,0.14491853,0.27646143,0.60250999,17,32,71,11,24,58,0.09430846,0.20376753,0.49038646,0.02319510,0.05451098,0.11512663
29115,0,USMissouriLinn,Missouri,Linn,2021-07-21 12:35:44.880574,2020-09-22 00:00:00.000000,0.16737662,0.31006231,0.62294359,19,36,74,13,26,57,0.11577427,0.21838877,0.47988870,0.02354918,0.05449654,0.11771482
29115,0,USMissouriLinn,Missouri,Linn,2021-07-21 12:35:44.880574,2020-09-23 00:00:00.000000,0.18604970,0.36044240,0.65145017,22,42,77,15,29,60,0.13076326,0.24613005,0.50341123,0.02389789,0.05480187,0.12092226
29115,0,USMissouriLinn,Missouri,Linn,2021-07-21 12:35:44.880574,2020-09-24 00:00:00.000000,0.19900838,0.38215489,0.65876408,23,45,78,17,32,62,0.14283726,0.27683302,0.52377049,0.02426395,0.05441721,0.12470615
29115,0,USMissouriLinn,Missouri,Linn,2021-07-21 12:35:44.880574,2020-09-25 00:00:00.000000,0.21653908,0.38950267,0.66750736,25,46,79,18,35,63,0.15643430,0.29745071,0.53021227,0.02472003,0.05373308,0.12868367
29115,0,USMissouriLinn,Missouri,Linn,2021-07-21 12:35:44.880574,2020-09-26 00:00:00.000000,0.22938966,0.41312204,0.70465450,27,49,83,20,36,63,0.16940440,0.30521562,0.53592176,0.02503152,0.05526803,0.13214068
29115,0,USMissouriLinn,Missouri,Linn,2021-07-21 12:35:44.880574,2020-09-27 00:00:00.000000,0.23273059,0.43890111,0.75590130,27,52,90,21,37,67,0.18061753,0.31829961,0.56401992,0.02574671,0.05725931,0.13582278
29115,0,USMissouriLinn,Missouri,Linn,2021-07-21 12:35:44.880574,2020-09-28 00:00:00.000000,0.29266803,0.49409361,0.79906108,34,58,95,21,40,70,0.18322726,0.33646347,0.59252483,0.02687423,0.05831547,0.13884292
29115,0,USMissouriLinn,Missouri,Linn,2021-07-21 12:35:44.880574,2020-09-29 00:00:00.000000,0.35247690,0.54035189,0.85374731,42,64,101,27,45,75,0.22802028,0.38408329,0.63693319,0.02738052,0.05920528,0.13996792
29115,0,USMissouriLinn,Missouri,Linn,2021-07-21 12:35:44.880574,2020-09-30 00:00:00.000000,0.40575669,0.58128970,0.90609370,48,69,108,33,50,81,0.27740376,0.42218707,0.68162226,0.02793615,0.05938020,0.14008424
29115,0,USMissouriLinn,Missouri,Linn,2021-07-21 12:35:44.880574,2020-10-01 00:00:00.000000,0.43632382,0.62494984,0.95535103,52,74,113,37,55,86,0.31679297,0.46172873,0.72357484,0.02915162,0.06175589,0.14003482
29115,0,USMissouriLinn,Missouri,Linn,2021-07-21 12:35:44.880574,2020-10-02 00:00:00.000000,0.45546420,0.66460217,1.00166316,54,79,119,40,58,90,0.34247664,0.48718413,0.76321680,0.02934561,0.06221505,0.13989760
29115,0,USMissouriLinn,Missouri,Linn,2021-07-21 12:35:44.880574,2020-10-03 00:00:00.000000,0.47239797,0.69230938,1.04545515,56,82,124,42,61,95,0.35702989,0.51983445,0.80088917,0.03024459,0.06281271,0.13950032
29115,0,USMissouriLinn,Missouri,Linn,2021-07-21 12:35:44.880574,2020-10-04 00:00:00.000000,0.48807042,0.72017859,1.08703981,58,85,129,44,64,99,0.37004595,0.54385895,0.83680069,0.03001947,0.06481315,0.13876091
29115,0,USMissouriLinn,Missouri,Linn,2021-07-21 12:35:44.880574,2020-10-05 00:00:00.000000,0.48347822,0.70815599,1.06005539,57,84,126,45,67,103,0.38168990,0.56709802,0.87110169,0.03035315,0.06512044,0.13818595
29115,0,USMissouriLinn,Missouri,Linn,2021-07-21 12:35:44.880574,2020-10-06 00:00:00.000000,0.45695345,0.68771472,1.03136761,54,81,122,43,65,102,0.36905264,0.55069118,0.85900573,0.03176067,0.06527318,0.13793682
29115,0,USMissouriLinn,Missouri,Linn,2021-07-21 12:35:44.880574,2020-10-07 00:00:00.000000,0.43481540,0.64947969,0.99923800,51,77,119,41,63,99,0.35073039,0.53133408,0.83706626,0.03206947,0.06535085,0.13771301
29115,0,USMissouriLinn,Missouri,Linn,2021-07-21 12:35:44.880574,2020-10-08 00:00:00.000000,0.41833479,0.62050262,1.01667881,49,73,121,40,61,97,0.33740857,0.51189311,0.81458658,0.03239668,0.06626461,0.13710288
29115,0,USMissouriLinn,Missouri,Linn,2021-07-21 12:35:44.880574,2020-10-09 00:00:00.000000,0.40503729,0.59808168,1.00621641,48,71,119,38,58,96,0.32385445,0.49085768,0.80985662,0.03360645,0.06808291,0.13521321
29115,0,USMissouriLinn,Missouri,Linn,2021-07-21 12:35:44.880574,2020-10-10 00:00:00.000000,0.39326920,0.57741510,0.99538245,46,68,118,37,56,98,0.31684075,0.47468902,0.82669385,0.03504704,0.06807682,0.13068399
29115,0,USMissouriLinn,Missouri,Linn,2021-07-21 12:35:44.880574,2020-10-11 00:00:00.000000,0.38294008,0.55851157,1.00185350,45,66,119,36,54,96,0.30823205,0.45841612,0.81353770,0.03522838,0.06864698,0.12482082
29115,0,USMissouriLinn,Missouri,Linn,2021-07-21 12:35:44.880574,2020-10-12 00:00:00.000000,0.35830518,0.54443394,0.96919784,42,64,115,35,53,95,0.29489562,0.44794488,0.79971579,0.03565347,0.06771394,0.12115406
29115,0,USMissouriLinn,Missouri,Linn,2021-07-21 12:35:44.880574,2020-10-13 00:00:00.000000,0.33464373,0.52664611,0.93612731,39,62,111,32,52,92,0.27506099,0.43949851,0.77597507,0.03589228,0.06925706,0.12030745
29115,0,USMissouriLinn,Missouri,Linn,2021-07-21 12:35:44.880574,2020-10-14 00:00:00.000000,0.31130033,0.50362745,0.91651072,37,60,109,30,51,89,0.25949140,0.42808987,0.75038859,0.03587234,0.06946800,0.12568508
29115,0,USMissouriLinn,Missouri,Linn,2021-07-21 12:35:44.880574,2020-10-15 00:00:00.000000,0.29073675,0.48617652,0.92352769,34,57,110,28,49,89,0.24309575,0.41126373,0.75140607,0.03569830,0.07057604,0.12561472
29115,0,USMissouriLinn,Missouri,Linn,2021-07-21 12:35:44.880574,2020-10-16 00:00:00.000000,0.27257030,0.47594188,0.93073390,32,56,110,27,47,90,0.22780348,0.39698506,0.75584309,0.03557049,0.07121613,0.12475410
29115,0,USMissouriLinn,Missouri,Linn,2021-07-21 12:35:44.880574,2020-10-17 00:00:00.000000,0.25648230,0.46425901,0.91506257,30,55,109,25,46,90,0.21416637,0.38698541,0.76088664,0.03555676,0.07084140,0.12322346
29115,0,USMissouriLinn,Missouri,Linn,2021-07-21 12:35:44.880574,2020-10-18 00:00:00.000000,0.24209956,0.44854718,0.89101636,28,53,106,24,43,89,0.20186896,0.36806928,0.74668083,0.03555537,0.07063347,0.12663332
29115,0,USMissouriLinn,Missouri,Linn,2021-07-21 12:35:44.880574,2020-10-19 00:00:00.000000,0.25916467,0.43323178,0.89303246,30,51,106,22,42,86,0.19073448,0.35762487,0.72792638,0.03668389,0.06887275,0.12837138
29115,0,USMissouriLinn,Missouri,Linn,2021-07-21 12:35:44.880574,2020-10-20 00:00:00.000000,0.24739697,0.42149202,0.89612480,29,50,106,23,41,86,0.19845842,0.34414779,0.72621478,0.03796285,0.07053404,0.12894445
29115,0,USMissouriLinn,Missouri,Linn,2021-07-21 12:35:44.880574,2020-10-21 00:00:00.000000,0.23499722,0.41828166,0.90063864,28,49,107,22,39,86,0.18555780,0.33270133,0.72867928,0.03804326,0.07045554,0.12849695
29115,0,USMissouriLinn,Missouri,Linn,2021-07-21 12:35:44.880574,2020-10-22 00:00:00.000000,0.23574531,0.40812743,0.87567100,28,48,104,21,38,87,0.18352611,0.32654882,0.73132442,0.03811735,0.07150812,0.12673320
29115,0,USMissouriLinn,Missouri,Linn,2021-07-21 12:35:44.880574,2020-10-23 00:00:00.000000,0.23630232,0.40693570,0.85071256,28,48,101,21,38,86,0.18365009,0.31974860,0.72468968,0.03819802,0.07481241,0.12437259
29115,0,USMissouriLinn,Missouri,Linn,2021-07-21 12:35:44.880574,2020-10-24 00:00:00.000000,0.23677477,0.40445926,0.82659726,28,48,98,21,37,84,0.18379960,0.31486927,0.70473090,0.03865659,0.07683581,0.12103492
29115,0,USMissouriLinn,Missouri,Linn,2021-07-21 12:35:44.880574,2020-10-25 00:00:00.000000,0.23731634,0.39335748,0.80223397,28,46,95,21,37,81,0.18394893,0.31534852,0.68537552,0.04111512,0.07834840,0.11851338
29115,0,USMissouriLinn,Missouri,Linn,2021-07-21 12:35:44.880574,2020-10-26 00:00:00.000000,0.22599732,0.39168063,0.79128468,26,46,94,21,37,79,0.17901297,0.31149455,0.66565092,0.04189277,0.08015006,0.12054288
29115,0,USMissouriLinn,Missouri,Linn,2021-07-21 12:35:44.880574,2020-10-27 00:00:00.000000,0.21763449,0.40413811,0.78117615,25,48,93,20,37,78,0.17425368,0.31635844,0.65687661,0.04189299,0.08078122,0.12607853
29115,0,USMissouriLinn,Missouri,Linn,2021-07-21 12:35:44.880574,2020-10-28 00:00:00.000000,0.23154334,0.40109465,0.77286851,27,47,92,19,37,77,0.16664139,0.31753648,0.64915623,0.04191494,0.08092582,0.13156359
29115,0,USMissouriLinn,Missouri,Linn,2021-07-21 12:35:44.880574,2020-10-29 00:00:00.000000,0.22016513,0.41686349,0.76513601,26,49,91,21,37,76,0.17998556,0.31739700,0.64181032,0.04199465,0.08140748,0.13632177
29115,0,USMissouriLinn,Missouri,Linn,2021-07-21 12:35:44.880574,2020-10-30 00:00:00.000000,0.20863079,0.42180049,0.79125024,24,50,94,20,39,75,0.17075426,0.32954987,0.63497476,0.04222082,0.08140649,0.14372844
29115,0,USMissouriLinn,Missouri,Linn,2021-07-21 12:35:44.880574,2020-10-31 00:00:00.000000,0.19897219,0.41231961,0.78118168,23,49,93,19,38,77,0.16207655,0.32318864,0.65389444,0.04397495,0.08508792,0.14426375
29115,0,USMissouriLinn,Missouri,Linn,2021-07-21 12:35:44.880574,2020-11-01 00:00:00.000000,0.19040114,0.41221936,0.80839343,22,49,96,18,38,76,0.15421690,0.32186013,0.64087921,0.04836858,0.08525365,0.14389029
29115,0,USMissouriLinn,Missouri,Linn,2021-07-21 12:35:44.880574,2020-11-02 00:00:00.000000,0.22354254,0.42052731,0.80602756,26,50,96,17,38,78,0.14715046,0.32115605,0.65522834,0.04606493,0.08526898,0.14393905
29115,0,USMissouriLinn,Missouri,Linn,2021-07-21 12:35:44.880574,2020-11-03 00:00:00.000000,0.22330221,0.44279319,0.81029399,26,52,96,20,39,76,0.17296827,0.33215562,0.63871769,0.04496949,0.08745022,0.14445242
29115,0,USMissouriLinn,Missouri,Linn,2021-07-21 12:35:44.880574,2020-11-04 00:00:00.000000,0.22535901,0.46837183,0.84818888,26,55,101,20,43,75,0.17199524,0.36145299,0.63147171,0.04513876,0.08796660,0.14850846
29115,0,USMissouriLinn,Missouri,Linn,2021-07-21 12:35:44.880574,2020-11-05 00:00:00.000000,0.23598715,0.50318519,0.89846253,28,59,107,21,44,78,0.17801370,0.37251346,0.65925117,0.04504449,0.08854559,0.14920219
29115,0,USMissouriLinn,Missouri,Linn,2021-07-21 12:35:44.880574,2020-11-06 00:00:00.000000,0.24514998,0.52502228,0.94266078,29,62,112,22,47,83,0.18553331,0.39597748,0.69774215,0.04481756,0.08859720,0.14959811
29115,0,USMissouriLinn,Missouri,Linn,2021-07-21 12:35:44.880574,2020-11-07 00:00:00.000000,0.25313084,0.54407460,0.97148151,30,64,115,22,49,89,0.19218006,0.41275432,0.74866617,0.04454386,0.08936195,0.15138880
29115,0,USMissouriLinn,Missouri,Linn,2021-07-21 12:35:44.880574,2020-11-08 00:00:00.000000,0.26018037,0.55947850,1.03046965,31,66,122,23,51,93,0.19808747,0.42949358,0.78740059,0.04442342,0.09093331,0.15221758
29115,0,USMissouriLinn,Missouri,Linn,2021-07-21 12:35:44.880574,2020-11-09 00:00:00.000000,0.32333520,0.57632279,1.04181841,38,68,124,24,52,95,0.20337653,0.44039729,0.80187320,0.04619789,0.09138213,0.15252714
29115,0,USMissouriLinn,Missouri,Linn,2021-07-21 12:35:44.880574,2020-11-10 00:00:00.000000,0.37377552,0.60102922,1.04930308,44,71,125,30,54,96,0.25621644,0.45304562,0.81324558,0.04748840,0.09117576,0.15497606
29115,0,USMissouriLinn,Missouri,Linn,2021-07-21 12:35:44.880574,2020-11-11 00:00:00.000000,0.39725544,0.62311884,1.05348364,47,74,125,36,55,97,0.30390426,0.46569026,0.81929133,0.04672495,0.09435638,0.15627098
29115,0,USMissouriLinn,Missouri,Linn,2021-07-21 12:35:44.880574,2020-11-12 00:00:00.000000,0.39706163,0.64733848,1.06052466,47,77,126,35,59,98,0.29763422,0.49525892,0.82854400,0.04659513,0.09396638,0.15677923
29115,0,USMissouriLinn,Missouri,Linn,2021-07-21 12:35:44.880574,2020-11-13 00:00:00.000000,0.38988335,0.66511679,1.10665312,46,79,131,36,60,100,0.30769192,0.50621341,0.84711367,0.05008282,0.09335032,0.15675785
29115,0,USMissouriLinn,Missouri,Linn,2021-07-21 12:35:44.880574,2020-11-14 00:00:00.000000,0.38339107,0.68459116,1.12604731,45,81,134,36,62,105,0.30247559,0.52565997,0.88484888,0.05002494,0.09248460,0.15618401
29115,0,USMissouriLinn,Missouri,Linn,2021-07-21 12:35:44.880574,2020-11-15 00:00:00.000000,0.37757228,0.72167385,1.14714709,45,86,136,35,64,109,0.29765920,0.53926577,0.92101407,0.04994668,0.09201939,0.14777767
29115,0,USMissouriLinn,Missouri,Linn,2021-07-21 12:35:44.880574,2020-11-16 00:00:00.000000,0.38326513,0.70692419,1.16543829,45,84,138,34,66,113,0.29326007,0.55814404,0.95247492,0.04896956,0.09098488,0.14398254
29115,0,USMissouriLinn,Missouri,Linn,2021-07-21 12:35:44.880574,2020-11-17 00:00:00.000000,0.38985974,0.69949764,1.15786715,46,83,138,35,66,111,0.29605886,0.56151355,0.93959329,0.04835422,0.09130903,0.14400761
29115,0,USMissouriLinn,Missouri,Linn,2021-07-21 12:35:44.880574,2020-11-18 00:00:00.000000,0.39241765,0.68876037,1.13724928,46,82,135,35,64,110,0.30088713,0.53756976,0.92357043,0.04868247,0.09334564,0.14564893
29115,0,USMissouriLinn,Missouri,Linn,2021-07-21 12:35:44.880574,2020-11-19 00:00:00.000000,0.36796613,0.68984131,1.12136071,43,82,133,36,64,108,0.30448464,0.54273794,0.91067400,0.04953282,0.09226071,0.14541842
29115,0,USMissouriLinn,Missouri,Linn,2021-07-21 12:35:44.880574,2020-11-20 00:00:00.000000,0.34614867,0.66870429,1.10830662,41,79,132,34,64,109,0.28603670,0.54407428,0.91706186,0.04943393,0.09223542,0.14551897
29115,0,USMissouriLinn,Missouri,Linn,2021-07-21 12:35:44.880574,2020-11-21 00:00:00.000000,0.33703945,0.66389070,1.11738573,40,79,133,32,62,110,0.27362671,0.52396567,0.92541672,0.04932376,0.09387565,0.14421319
29115,0,USMissouriLinn,Missouri,Linn,2021-07-21 12:35:44.880574,2020-11-22 00:00:00.000000,0.33562560,0.64276383,1.12641006,40,76,134,32,61,111,0.27246107,0.51977289,0.93339219,0.04920958,0.09457421,0.14716775
29115,0,USMissouriLinn,Missouri,Linn,2021-07-21 12:35:44.880574,2020-11-23 00:00:00.000000,0.32811078,0.63059080,1.11037944,39,75,132,32,60,112,0.27126152,0.50705851,0.94109037,0.04910514,0.09601922,0.15130767
29115,0,USMissouriLinn,Missouri,Linn,2021-07-21 12:35:44.880574,2020-11-24 00:00:00.000000,0.32067734,0.61927037,1.09408494,38,73,130,31,58,110,0.26513873,0.49083797,0.92719131,0.04901711,0.09453133,0.15781400
29115,0,USMissouriLinn,Missouri,Linn,2021-07-21 12:35:44.880574,2020-11-25 00:00:00.000000,0.31316357,0.61536449,1.07583905,37,73,128,30,57,108,0.25893321,0.48192750,0.91305380,0.04895993,0.09410432,0.16661993
29115,0,USMissouriLinn,Missouri,Linn,2021-07-21 12:35:44.880574,2020-11-26 00:00:00.000000,0.30642422,0.59296661,1.05785657,36,70,126,30,56,107,0.25321343,0.46983834,0.89878634,0.04902534,0.09515456,0.17440345
29115,0,USMissouriLinn,Missouri,Linn,2021-07-21 12:35:44.880574,2020-11-27 00:00:00.000000,0.30055522,0.57747360,1.04093886,35,68,124,29,54,105,0.24804260,0.45738915,0.88509768,0.04943117,0.09417736,0.17895156
29115,0,USMissouriLinn,Missouri,Linn,2021-07-21 12:35:44.880574,2020-11-28 00:00:00.000000,0.29558875,0.57471153,1.00995618,35,68,120,29,53,103,0.24346696,0.44841165,0.87189066,0.04974205,0.09257748,0.18097978
29115,0,USMissouriLinn,Missouri,Linn,2021-07-21 12:35:44.880574,2020-11-29 00:00:00.000000,0.29145914,0.56079753,0.98785563,34,66,117,28,52,100,0.23954002,0.44129667,0.84554531,0.04915396,0.09203152,0.18170685
29115,0,USMissouriLinn,Missouri,Linn,2021-07-21 12:35:44.880574,2020-11-30 00:00:00.000000,0.28747264,0.54260626,0.97264536,34,64,115,28,51,96,0.23622987,0.43242058,0.81351831,0.04898976,0.09065820,0.18179582
29115,0,USMissouriLinn,Missouri,Linn,2021-07-21 12:35:44.880574,2020-12-01 00:00:00.000000,0.28390108,0.52336562,0.97742167,33,62,116,27,49,96,0.23298126,0.41584521,0.80899177,0.04900655,0.09033071,0.18147829
29115,0,USMissouriLinn,Missouri,Linn,2021-07-21 12:35:44.880574,2020-12-02 00:00:00.000000,0.28054644,0.51069709,0.98414437,33,60,117,27,48,96,0.23002007,0.40536769,0.81125915,0.04925245,0.09179090,0.18076280
29115,0,USMissouriLinn,Missouri,Linn,2021-07-21 12:35:44.880574,2020-12-03 00:00:00.000000,0.27167505,0.50438226,0.98977344,32,60,117,26,48,97,0.22219615,0.40646037,0.81447363,0.05021840,0.09190673,0.17955938
29115,0,USMissouriLinn,Missouri,Linn,2021-07-21 12:35:44.880574,2020-12-04 00:00:00.000000,0.26170089,0.48948680,0.97058399,31,58,115,25,47,97,0.21344801,0.39841805,0.81678276,0.05104887,0.09128991,0.17779202
29115,0,USMissouriLinn,Missouri,Linn,2021-07-21 12:35:44.880574,2020-12-05 00:00:00.000000,0.26150620,0.48057636,0.95034794,31,57,113,24,46,97,0.20558673,0.38646212,0.81848422,0.05228018,0.09008924,0.16715456
29115,0,USMissouriLinn,Missouri,Linn,2021-07-21 12:35:44.880574,2020-12-06 00:00:00.000000,0.26231794,0.47428002,0.93104019,31,56,110,23,45,97,0.20113037,0.38343994,0.81789837,0.05655815,0.08958654,0.15627211
29115,0,USMissouriLinn,Missouri,Linn,2021-07-21 12:35:44.880574,2020-12-07 00:00:00.000000,0.28517023,0.48252413,0.91656189,33,57,109,24,44,95,0.20159017,0.37691325,0.80144628,0.05837321,0.08990223,0.15256453
29115,0,USMissouriLinn,Missouri,Linn,2021-07-21 12:35:44.880574,2020-12-08 00:00:00.000000,0.28044252,0.48024698,0.90275282,33,57,107,26,44,93,0.22406281,0.37491300,0.78836715,0.05853199,0.08917598,0.15354352
29115,0,USMissouriLinn,Missouri,Linn,2021-07-21 12:35:44.880574,2020-12-09 00:00:00.000000,0.27511384,0.48787661,0.86561785,32,58,103,26,45,90,0.21989114,0.38401289,0.75746951,0.05942003,0.08698730,0.15381719
29115,0,USMissouriLinn,Missouri,Linn,2021-07-21 12:35:44.880574,2020-12-10 00:00:00.000000,0.27309978,0.49662644,0.82856203,32,59,98,25,45,86,0.21682360,0.38508249,0.72306637,0.06052666,0.09056552,0.16591351
29115,0,USMissouriLinn,Missouri,Linn,2021-07-21 12:35:44.880574,2020-12-11 00:00:00.000000,0.27090242,0.48117979,0.79657477,32,57,94,25,46,82,0.21468666,0.39134180,0.69050460,0.06138546,0.09126143,0.15422284
29115,0,USMissouriLinn,Missouri,Linn,2021-07-21 12:35:44.880574,2020-12-12 00:00:00.000000,0.26629800,0.47569455,0.83538279,31,56,99,25,45,78,0.21065595,0.38168732,0.66005252,0.05888852,0.09109714,0.16292978
29115,0,USMissouriLinn,Missouri,Linn,2021-07-21 12:35:44.880574,2020-12-13 00:00:00.000000,0.25693181,0.47964508,0.83663025,30,57,99,24,45,76,0.20546612,0.37846159,0.63782298,0.05632683,0.08875311,0.15529148
29115,0,USMissouriLinn,Missouri,Linn,2021-07-21 12:35:44.880574,2020-12-14 00:00:00.000000,0.27255922,0.47055513,0.81495326,32,56,97,23,44,78,0.20102955,0.37457187,0.66037626,0.05322179,0.09164218,0.14535322
29115,0,USMissouriLinn,Missouri,Linn,2021-07-21 12:35:44.880574,2020-12-15 00:00:00.000000,0.26759141,0.45971620,0.79230375,31,54,94,25,44,76,0.21730265,0.37464518,0.64003674,0.05200119,0.09306554,0.14617696
29115,0,USMissouriLinn,Missouri,Linn,2021-07-21 12:35:44.880574,2020-12-16 00:00:00.000000,0.26359211,0.44693896,0.76900501,31,53,91,25,44,74,0.21375242,0.37119991,0.62373895,0.04939067,0.09267444,0.14826938
29115,0,USMissouriLinn,Missouri,Linn,2021-07-21 12:35:44.880574,2020-12-17 00:00:00.000000,0.26026800,0.44123183,0.75211799,31,52,89,25,43,73,0.21044661,0.36727422,0.61752741,0.04736960,0.09337804,0.14950183
29115,0,USMissouriLinn,Missouri,Linn,2021-07-21 12:35:44.880574,2020-12-18 00:00:00.000000,0.25733153,0.43337579,0.78799291,30,51,93,24,42,73,0.20766012,0.35497439,0.61483272,0.04625119,0.09441283,0.15028025
29115,0,USMissouriLinn,Missouri,Linn,2021-07-21 12:35:44.880574,2020-12-19 00:00:00.000000,0.25398070,0.43223121,0.80312710,30,51,95,23,40,74,0.20056185,0.34323970,0.62835299,0.04569494,0.09593965,0.15428173
29115,0,USMissouriLinn,Missouri,Linn,2021-07-21 12:35:44.880574,2020-12-20 00:00:00.000000,0.24294485,0.43090279,0.81375751,28,51,96,22,40,75,0.19099256,0.34149691,0.63139445,0.04544281,0.09694677,0.15801087
29115,0,USMissouriLinn,Missouri,Linn,2021-07-21 12:35:44.880574,2020-12-21 00:00:00.000000,0.25003352,0.43687562,0.79777426,29,52,95,21,40,76,0.18293335,0.34210710,0.63965565,0.04532754,0.09604760,0.15572874
29115,0,USMissouriLinn,Missouri,Linn,2021-07-21 12:35:44.880574,2020-12-22 00:00:00.000000,0.24878661,0.42688743,0.78131032,29,50,93,23,41,75,0.19527480,0.34417780,0.63001064,0.04527612,0.09588088,0.15275746
29115,0,USMissouriLinn,Missouri,Linn,2021-07-21 12:35:44.880574,2020-12-23 00:00:00.000000,0.24791773,0.42413119,0.77052022,29,50,91,23,40,73,0.19500144,0.33737552,0.61671022,0.04525709,0.09606398,0.15290755
29115,0,USMissouriLinn,Missouri,Linn,2021-07-21 12:35:44.880574,2020-12-24 00:00:00.000000,0.24700045,0.41756535,0.74871202,29,49,89,23,39,74,0.19334209,0.33009631,0.62859639,0.04526749,0.09572233,0.16027137
29115,0,USMissouriLinn,Missouri,Linn,2021-07-21 12:35:44.880574,2020-12-25 00:00:00.000000,0.24611154,0.40511269,0.75961778,29,48,90,22,38,74,0.19245210,0.32705991,0.62658400,0.04535536,0.09738300,0.16342990
29115,0,USMissouriLinn,Missouri,Linn,2021-07-21 12:35:44.880574,2020-12-26 00:00:00.000000,0.24521685,0.40358994,0.77512673,29,48,92,22,38,72,0.19162326,0.31961208,0.61110029,0.04578250,0.10097718,0.16203773
29115,0,USMissouriLinn,Missouri,Linn,2021-07-21 12:35:44.880574,2020-12-27 00:00:00.000000,0.24049007,0.40632333,0.79161598,28,48,94,22,38,74,0.19027379,0.31895307,0.62342201,0.05033964,0.10041145,0.16153987
29115,0,USMissouriLinn,Missouri,Linn,2021-07-21 12:35:44.880574,2020-12-28 00:00:00.000000,0.24714338,0.41574773,0.78389256,29,49,93,22,38,75,0.18551762,0.31986185,0.63510161,0.05264313,0.09958573,0.16035835
29115,0,USMissouriLinn,Missouri,Linn,2021-07-21 12:35:44.880574,2020-12-29 00:00:00.000000,0.24403402,0.42017539,0.77742674,29,50,92,22,38,74,0.19232129,0.31937544,0.62390435,0.05329026,0.09803888,0.15757223
29115,0,USMissouriLinn,Missouri,Linn,2021-07-21 12:35:44.880574,2020-12-30 00:00:00.000000,0.23656376,0.41900143,0.76932136,28,49,91,23,38,72,0.19469585,0.32031706,0.60556512,0.05354648,0.09760180,0.15708376
29115,0,USMissouriLinn,Missouri,Linn,2021-07-21 12:35:44.880574,2020-12-31 00:00:00.000000,0.22951826,0.41930755,0.76172721,27,49,90,22,38,72,0.19041789,0.32519731,0.60419436,0.05418256,0.09937672,0.16934642
29115,0,USMissouriLinn,Missouri,Linn,2021-07-21 12:35:44.880574,2021-01-01 00:00:00.000000,0.22281204,0.41841647,0.75472096,26,49,89,22,39,71,0.18470104,0.32759733,0.60153568,0.05588435,0.10233314,0.17664012
29115,0,USMissouriLinn,Missouri,Linn,2021-07-21 12:35:44.880574,2021-01-02 00:00:00.000000,0.21664020,0.42496478,0.73770456,25,50,87,21,39,71,0.17926511,0.32997880,0.59754049,0.05824196,0.10482905,0.17729199
29115,0,USMissouriLinn,Missouri,Linn,2021-07-21 12:35:44.880574,2021-01-03 00:00:00.000000,0.21219669,0.42379695,0.70751510,25,50,84,20,39,70,0.17433405,0.33186597,0.59202716,0.05824162,0.10497764,0.18358838
29115,0,USMissouriLinn,Missouri,Linn,2021-07-21 12:35:44.880574,2021-01-04 00:00:00.000000,0.25463604,0.45357878,0.71303376,30,54,84,20,39,68,0.17093017,0.33108471,0.57854099,0.05827949,0.10634303,0.19434417
29115,0,USMissouriLinn,Missouri,Linn,2021-07-21 12:35:44.880574,2021-01-05 00:00:00.000000,0.26652193,0.46049766,0.72257257,31,54,86,23,42,68,0.19547569,0.35381064,0.57686247,0.05829889,0.10651948,0.19440601
29115,0,USMissouriLinn,Missouri,Linn,2021-07-21 12:35:44.880574,2021-01-06 00:00:00.000000,0.26832462,0.47896777,0.73050147,31,57,87,24,43,67,0.20680049,0.36905963,0.56840701,0.05828334,0.10851829,0.19918419
29115,0,USMissouriLinn,Missouri,Linn,2021-07-21 12:35:44.880574,2021-01-07 00:00:00.000000,0.27438721,0.48659390,0.77921026,32,58,92,24,45,68,0.20752084,0.37905795,0.57670484,0.05828526,0.10988483,0.20104001
29115,0,USMissouriLinn,Missouri,Linn,2021-07-21 12:35:44.880574,2021-01-08 00:00:00.000000,0.27321440,0.51382818,0.78953344,32,61,94,24,46,73,0.20832923,0.38842378,0.61896824,0.05888195,0.10948000,0.19657139
29115,0,USMissouriLinn,Missouri,Linn,2021-07-21 12:35:44.880574,2021-01-09 00:00:00.000000,0.27708850,0.53105451,0.81401294,33,63,97,24,48,75,0.20891032,0.40657586,0.63673006,0.05940030,0.10972751,0.19130163
29115,0,USMissouriLinn,Missouri,Linn,2021-07-21 12:35:44.880574,2021-01-10 00:00:00.000000,0.28935017,0.53389832,0.86895161,34,63,103,25,50,76,0.21645078,0.42763757,0.64390604,0.05944764,0.11213838,0.18575707
29115,0,USMissouriLinn,Missouri,Linn,2021-07-21 12:35:44.880574,2021-01-11 00:00:00.000000,0.27936289,0.53178305,0.84710300,33,63,100,26,51,80,0.22161965,0.43016663,0.67413512,0.05970661,0.11223596,0.18058101
29115,0,USMissouriLinn,Missouri,Linn,2021-07-21 12:35:44.880574,2021-01-12 00:00:00.000000,0.26874357,0.52435752,0.82282201,32,62,98,25,50,77,0.21516448,0.42371159,0.65308247,0.06358617,0.11256542,0.17619410
29115,0,USMissouriLinn,Missouri,Linn,2021-07-21 12:35:44.880574,2021-01-13 00:00:00.000000,0.25841279,0.50901258,0.79003364,30,60,94,24,49,75,0.20674942,0.41225606,0.62992073,0.06770734,0.11348222,0.17260882
29115,0,USMissouriLinn,Missouri,Linn,2021-07-21 12:35:44.880574,2021-01-14 00:00:00.000000,0.25443176,0.50500455,0.76570472,30,60,91,23,48,73,0.20042553,0.40533846,0.61574141,0.07157838,0.11366821,0.17356842
29115,0,USMissouriLinn,Missouri,Linn,2021-07-21 12:35:44.880574,2021-01-15 00:00:00.000000,0.25081089,0.50252506,0.75487186,29,59,89,23,47,72,0.19752388,0.39706716,0.61225027,0.07268968,0.11611520,0.17537702
29115,0,USMissouriLinn,Missouri,Linn,2021-07-21 12:35:44.880574,2021-01-16 00:00:00.000000,0.24757755,0.50941221,0.75551218,29,60,90,23,47,72,0.19484325,0.40239976,0.60969407,0.07428069,0.11721721,0.17550303
29115,0,USMissouriLinn,Missouri,Linn,2021-07-21 12:35:44.880574,2021-01-17 00:00:00.000000,0.24474046,0.50711527,0.75978475,29,60,90,22,48,72,0.19239387,0.40768198,0.61007057,0.07666361,0.12031828,0.17505127
29115,0,USMissouriLinn,Missouri,Linn,2021-07-21 12:35:44.880574,2021-01-18 00:00:00.000000,0.24874215,0.50509364,0.74453472,29,60,88,22,49,73,0.19021142,0.41153337,0.61327111,0.07641812,0.12271621,0.17875503
29115,0,USMissouriLinn,Missouri,Linn,2021-07-21 12:35:44.880574,2021-01-19 00:00:00.000000,0.25307837,0.50817365,0.72919153,30,60,86,22,48,71,0.19173692,0.40956087,0.60260430,0.07789096,0.12708677,0.18304382
29115,0,USMissouriLinn,Missouri,Linn,2021-07-21 12:35:44.880574,2021-01-20 00:00:00.000000,0.25513041,0.50424077,0.71246866,30,60,84,22,48,70,0.19270179,0.40364791,0.58976906,0.08261434,0.12825869,0.18553280
29115,0,USMissouriLinn,Missouri,Linn,2021-07-21 12:35:44.880574,2021-01-21 00:00:00.000000,0.25710952,0.49912062,0.71970452,30,59,85,23,47,68,0.19379775,0.39715886,0.57713397,0.08354004,0.13006864,0.18718284
29115,0,USMissouriLinn,Missouri,Linn,2021-07-21 12:35:44.880574,2021-01-22 00:00:00.000000,0.26245516,0.50008222,0.73900051,31,59,88,23,47,70,0.19487862,0.39883102,0.58914907,0.08447306,0.13140250,0.18883433
29115,0,USMissouriLinn,Missouri,Linn,2021-07-21 12:35:44.880574,2021-01-23 00:00:00.000000,0.27121034,0.49252151,0.76226067,32,58,90,23,47,71,0.19661381,0.39536648,0.60325056,0.08591862,0.13187606,0.19071081
29115,0,USMissouriLinn,Missouri,Linn,2021-07-21 12:35:44.880574,2021-01-24 00:00:00.000000,0.27518568,0.49140735,0.78461401,32,58,93,24,45,74,0.20298839,0.38482151,0.62615206,0.08740041,0.13636184,0.18548788
29115,0,USMissouriLinn,Missouri,Linn,2021-07-21 12:35:44.880574,2021-01-25 00:00:00.000000,0.27148474,0.48103563,0.77338982,32,57,92,25,45,76,0.21004591,0.38201097,0.64489940,0.08736147,0.13903751,0.19246091
29115,0,USMissouriLinn,Missouri,Linn,2021-07-21 12:35:44.880574,2021-01-26 00:00:00.000000,0.26879517,0.46909641,0.75323666,32,55,89,25,44,74,0.21060790,0.37676066,0.62865498,0.08759832,0.14113852,0.19826807
29115,0,USMissouriLinn,Missouri,Linn,2021-07-21 12:35:44.880574,2021-01-27 00:00:00.000000,0.26660913,0.45893078,0.72587142,31,54,86,24,44,72,0.20804149,0.37128713,0.60625106,0.08880433,0.14392502,0.20358616
29115,0,USMissouriLinn,Missouri,Linn,2021-07-21 12:35:44.880574,2021-01-28 00:00:00.000000,0.26587889,0.45413813,0.70306932,31,54,83,24,43,69,0.20646250,0.36531479,0.58698633,0.09281711,0.14724939,0.20968339
29115,0,USMissouriLinn,Missouri,Linn,2021-07-21 12:35:44.880574,2021-01-29 00:00:00.000000,0.26709111,0.45152284,0.69234301,31,53,82,24,42,68,0.20518490,0.35997428,0.57088570,0.09894621,0.14907026,0.21133672
29115,0,USMissouriLinn,Missouri,Linn,2021-07-21 12:35:44.880574,2021-01-30 00:00:00.000000,0.27055540,0.45254747,0.71708758,32,53,85,24,42,67,0.20384073,0.35971108,0.56490155,0.10050784,0.15479635,0.21621163
29115,0,USMissouriLinn,Missouri,Linn,2021-07-21 12:35:44.880574,2021-01-31 00:00:00.000000,0.27518432,0.44823119,0.73187760,32,53,87,24,42,68,0.20758079,0.35931075,0.57642819,0.10644932,0.16284536,0.22743852
29115,0,USMissouriLinn,Missouri,Linn,2021-07-21 12:35:44.880574,2021-02-01 00:00:00.000000,0.28331156,0.45191176,0.74329255,33,53,88,25,42,71,0.21327495,0.35693236,0.59997648,0.10997741,0.16849603,0.23473317
29115,0,USMissouriLinn,Missouri,Linn,2021-07-21 12:35:44.880574,2021-02-02 00:00:00.000000,0.29173181,0.45555244,0.73951062,34,54,88,26,42,71,0.21960654,0.35817871,0.60171516,0.11448695,0.17279153,0.24228190
29115,0,USMissouriLinn,Missouri,Linn,2021-07-21 12:35:44.880574,2021-02-03 00:00:00.000000,0.30288258,0.45802682,0.73351014,36,54,87,26,42,71,0.22452624,0.35955642,0.59878909,0.12043450,0.17474504,0.24388634
29115,0,USMissouriLinn,Missouri,Linn,2021-07-21 12:35:44.880574,2021-02-04 00:00:00.000000,0.31303300,0.46749352,0.74042298,37,55,88,27,43,70,0.23068586,0.36401973,0.59518411,0.12485069,0.18009006,0.24761479
29115,0,USMissouriLinn,Missouri,Linn,2021-07-21 12:35:44.880574,2021-02-05 00:00:00.000000,0.32352036,0.47266771,0.76442455,38,56,91,28,43,71,0.23835114,0.36465982,0.59904027,0.13260133,0.18849323,0.25936648
29115,0,USMissouriLinn,Missouri,Linn,2021-07-21 12:35:44.880574,2021-02-06 00:00:00.000000,0.32502373,0.48472819,0.78975588,38,57,94,29,43,71,0.24657679,0.36896994,0.60391901,0.13866179,0.19718903,0.27988124
29115,0,USMissouriLinn,Missouri,Linn,2021-07-21 12:35:44.880574,2021-02-07 00:00:00.000000,0.32968332,0.49986253,0.81643775,39,59,97,29,45,73,0.24692463,0.37868931,0.61868744,0.14371049,0.20672886,0.33805883
29115,0,USMissouriLinn,Missouri,Linn,2021-07-21 12:35:44.880574,2021-02-08 00:00:00.000000,0.33582765,0.52134509,0.82913956,40,62,98,29,46,76,0.24845972,0.39024261,0.63934993,0.15039852,0.21521658,0.35846019
29115,0,USMissouriLinn,Missouri,Linn,2021-07-21 12:35:44.880574,2021-02-09 00:00:00.000000,0.38728420,0.54437881,0.85200025,46,64,101,31,48,77,0.26695893,0.40795485,0.64910579,0.16513757,0.22851263,0.38304750
29115,0,USMissouriLinn,Missouri,Linn,2021-07-21 12:35:44.880574,2021-02-10 00:00:00.000000,0.41897564,0.57545757,0.89780347,49,68,107,35,50,80,0.30195019,0.42782440,0.67945619,0.17533644,0.24087962,0.38537995
29115,0,USMissouriLinn,Missouri,Linn,2021-07-21 12:35:44.880574,2021-02-11 00:00:00.000000,0.42849807,0.60353488,0.92014886,51,71,109,38,53,85,0.32284598,0.44702824,0.71514227,0.17717773,0.25146980,0.38728140
29115,0,USMissouriLinn,Missouri,Linn,2021-07-21 12:35:44.880574,2021-02-12 00:00:00.000000,0.43857209,0.63178045,0.95614089,52,75,113,39,56,89,0.33209727,0.47389864,0.75258328,0.19108881,0.25897792,0.40677109
29115,0,USMissouriLinn,Missouri,Linn,2021-07-21 12:35:44.880574,2021-02-13 00:00:00.000000,0.46158603,0.66807160,1.01628903,55,79,121,40,59,92,0.33961333,0.49894080,0.77688084,0.19602748,0.28423097,0.44906244
29115,0,USMissouriLinn,Missouri,Linn,2021-07-21 12:35:44.880574,2021-02-14 00:00:00.000000,0.49072042,0.72687684,1.10107881,58,86,131,42,62,99,0.35254810,0.52021405,0.83561365,0.20722615,0.31417084,0.47456988
29115,0,USMissouriLinn,Missouri,Linn,2021-07-21 12:35:44.880574,2021-02-15 00:00:00.000000,0.55487054,0.78088483,1.18345528,66,93,141,45,66,106,0.38056976,0.55927668,0.89076342,0.21477835,0.33007246,0.51492607
29115,0,USMissouriLinn,Missouri,Linn,2021-07-21 12:35:44.880574,2021-02-16 00:00:00.000000,0.59962534,0.84811056,1.28659726,71,101,153,49,72,113,0.41877758,0.61076298,0.95236003,0.23406542,0.35446700,0.51594498
29115,0,USMissouriLinn,Missouri,Linn,2021-07-21 12:35:44.880574,2021-02-17 00:00:00.000000,0.64021321,0.92243382,1.40102696,76,109,167,54,78,123,0.46087544,0.65993849,1.03723843,0.25890549,0.37173353,0.55546187
29115,0,USMissouriLinn,Missouri,Linn,2021-07-21 12:35:44.880574,2021-02-18 00:00:00.000000,0.69611082,1.01786328,1.55325425,82,121,185,59,87,135,0.50164713,0.73037222,1.13715551,0.28032448,0.39888554,0.61081779
29115,0,USMissouriLinn,Missouri,Linn,2021-07-21 12:35:44.880574,2021-02-19 00:00:00.000000,0.78778433,1.15057494,1.72579400,93,137,205,64,96,147,0.54426777,0.80699484,1.23806219,0.30021531,0.43584958,0.66223026
29115,0,USMissouriLinn,Missouri,Linn,2021-07-21 12:35:44.880574,2021-02-20 00:00:00.000000,0.91113716,1.31101172,1.92239570,108,156,229,73,105,160,0.61409024,0.88840318,1.35036432,0.30574538,0.49624106,0.69452118
29115,0,USMissouriLinn,Missouri,Linn,2021-07-21 12:35:44.880574,2021-02-21 00:00:00.000000,1.04016870,1.46569202,2.12271015,123,174,253,86,120,175,0.72509904,1.01412084,1.47424671,0.32140775,0.55465220,0.74211630
29115,0,USMissouriLinn,Missouri,Linn,2021-07-21 12:35:44.880574,2021-02-22 00:00:00.000000,1.26372402,1.70955243,2.34677357,150,203,279,99,138,195,0.83885298,1.15884858,1.64066278,0.34774099,0.60665883,0.77474371
29115,0,USMissouriLinn,Missouri,Linn,2021-07-21 12:35:44.880574,2021-02-23 00:00:00.000000,1.54913345,1.98958372,2.71868492,184,237,324,122,160,216,1.02947838,1.35058559,1.81706430,0.41535229,0.63756278,0.85875335
29115,0,USMissouriLinn,Missouri,Linn,2021-07-21 12:35:44.880574,2021-02-24 00:00:00.000000,1.86412720,2.37997338,3.16713039,222,283,377,148,188,248,1.24889160,1.58141828,2.08418847,0.47293709,0.70148924,0.95108280
29115,0,USMissouriLinn,Missouri,Linn,2021-07-21 12:35:44.880574,2021-02-25 00:00:00.000000,2.27131856,2.81804650,3.81206324,270,335,454,178,223,289,1.49998333,1.87366737,2.43268678,0.51332696,0.74487479,0.95427287
29115,0,USMissouriLinn,Missouri,Linn,2021-07-21 12:35:44.880574,2021-02-26 00:00:00.000000,2.78404873,3.41775032,4.62792396,331,407,551,211,266,345,1.77806663,2.23186874,2.89484673,0.59378734,0.82155194,1.01214491
29115,0,USMissouriLinn,Missouri,Linn,2021-07-21 12:35:44.880574,2021-02-27 00:00:00.000000,3.51526166,4.30960256,5.59671187,419,513,667,262,322,419,2.20102443,2.70198788,3.51578441,0.69482631,0.88130127,1.02818003
29115,0,USMissouriLinn,Missouri,Linn,2021-07-21 12:35:44.880574,2021-02-28 00:00:00.000000,4.34685206,5.23929295,6.87802589,518,624,819,331,397,514,2.78266883,3.33078968,4.31447857,0.76577382,0.91043811,1.03270993
29115,0,USMissouriLinn,Missouri,Linn,2021-07-21 12:35:44.880574,2021-03-01 00:00:00.000000,5.34971886,6.45659719,8.49792675,637,769,1012,412,489,632,3.45858727,4.10831223,5.30303151,0.85118674,0.92510583,1.03410783
29115,0,USMissouriLinn,Missouri,Linn,2021-07-21 12:35:44.880574,2021-03-02 00:00:00.000000,6.56185567,7.90504623,10.29161340,782,942,1226,506,600,770,4.25013818,5.03840566,6.46143805,0.88272979,0.93276375,1.05139813
29115,0,USMissouriLinn,Missouri,Linn,2021-07-21 12:35:44.880574,2021-03-03 00:00:00.000000,8.00768321,9.66837039,12.46593206,954,1152,1485,620,737,935,5.20879349,6.18577708,7.85220180,0.88604492,0.93533035,1.05199201
29115,0,USMissouriLinn,Missouri,Linn,2021-07-21 12:35:44.880574,2021-03-04 00:00:00.000000,9.72116537,11.72156720,14.84097459,1158,1397,1769,757,904,1131,6.35407742,7.58612186,9.48896925,0.88616628,0.93883912,1.05227746
29115,0,USMissouriLinn,Missouri,Linn,2021-07-21 12:35:44.880574,2021-03-05 00:00:00.000000,11.72861769,14.13709439,17.57795380,1398,1685,2095,919,1099,1357,7.71011394,9.22512948,11.38987829,0.88606278,0.93961629,1.05431137
29115,0,USMissouriLinn,Missouri,Linn,2021-07-21 12:35:44.880574,2021-03-06 00:00:00.000000,14.04555226,16.88249404,20.71143083,1674,2012,2468,1107,1323,1642,9.29505499,11.10032544,13.77899348,0.88531540,0.94175336,1.06540032
29115,0,USMissouriLinn,Missouri,Linn,2021-07-21 12:35:44.880574,2021-03-07 00:00:00.000000,16.66967656,20.04989378,24.12851340,1987,2389,2876,1325,1578,1992,11.12209469,13.24570137,16.71285433,0.88399362,0.94199241,1.06952496
29115,0,USMissouriLinn,Missouri,Linn,2021-07-21 12:35:44.880574,2021-03-08 00:00:00.000000,19.58410552,23.43999636,28.42976626,2334,2794,3388,1570,1855,2373,13.17505873,15.56298766,19.90785322,0.88151106,0.94178921,1.06232580
29115,0,USMissouriLinn,Missouri,Linn,2021-07-21 12:35:44.880574,2021-03-09 00:00:00.000000,22.98905837,26.80509457,33.01462653,2740,3195,3935,1840,2169,2746,15.43827763,18.20000179,23.04323233,0.87513329,0.93113488,1.04102277
29115,0,USMissouriLinn,Missouri,Linn,2021-07-21 12:35:44.880574,2021-03-10 00:00:00.000000,26.06348505,30.31904315,37.16459582,3106,3614,4430,2129,2489,3131,17.86677087,20.88483098,26.27076526,0.80111539,0.90789186,1.02282399
29115,0,USMissouriLinn,Missouri,Linn,2021-07-21 12:35:44.880574,2021-03-11 00:00:00.000000,29.19264287,33.14412591,38.10129007,3479,3950,4541,2425,2832,3474,20.35185442,23.76619531,29.15124454,0.51131322,0.79228542,0.92540166
29115,0,USMissouriLinn,Missouri,Linn,2021-07-21 12:35:44.880574,2021-03-12 00:00:00.000000,28.78126197,32.59847798,38.55654482,3430,3885,4595,2677,3076,3573,22.46613651,25.80969008,29.98128188,0.20511823,0.34880299,0.68886328
29115,0,USMissouriLinn,Missouri,Linn,2021-07-21 12:35:44.880574,2021-03-13 00:00:00.000000,26.83078727,31.08425377,36.62331274,3198,3705,4365,2597,3036,3688,21.78888850,25.47018244,30.94544332,0.13096709,0.19282272,0.33392033
29115,0,USMissouriLinn,Missouri,Linn,2021-07-21 12:35:44.880574,2021-03-14 00:00:00.000000,24.46395523,28.75363230,34.61316579,2916,3427,4125,2392,2860,3582,20.07101081,23.99498439,30.05196723,0.11599438,0.15808405,0.22757155
29115,0,USMissouriLinn,Missouri,Linn,2021-07-21 12:35:44.880574,2021-03-15 00:00:00.000000,22.20207264,26.71167001,32.72478305,2646,3184,3900,2189,2672,3375,18.36449544,22.41878010,28.32133691,0.09984055,0.14440729,0.19344548
29115,0,USMissouriLinn,Missouri,Linn,2021-07-21 12:35:44.880574,2021-03-16 00:00:00.000000,19.90334062,24.61607614,30.94821921,2372,2934,3689,1986,2475,3186,16.66503501,20.76869284,26.73430966,0.09459723,0.13539608,0.18632767
29115,0,USMissouriLinn,Missouri,Linn,2021-07-21 12:35:44.880574,2021-03-17 00:00:00.000000,18.05672825,22.65872882,28.95721695,2152,2700,3451,1801,2290,3031,15.11201992,19.21280873,25.43543867,0.08754670,0.12773098,0.18272978
29115,0,USMissouriLinn,Missouri,Linn,2021-07-21 12:35:44.880574,2021-03-18 00:00:00.000000,16.30165529,20.86416194,26.95234861,1943,2487,3212,1632,2127,2837,13.69704904,17.85062566,23.80434827,0.08053710,0.12104401,0.17814865
29115,0,USMissouriLinn,Missouri,Linn,2021-07-21 12:35:44.880574,2021-03-19 00:00:00.000000,14.70437727,19.32259477,25.14545644,1752,2303,2997,1482,1981,2657,12.43610616,16.62166123,22.29373898,0.07864080,0.11309754,0.16953096
29115,0,USMissouriLinn,Missouri,Linn,2021-07-21 12:35:44.880574,2021-03-20 00:00:00.000000,13.28735215,17.79404290,23.57574112,1583,2121,2810,1349,1837,2491,11.32325087,15.41591726,20.90245943,0.07614732,0.11021291,0.15968011
29115,0,USMissouriLinn,Missouri,Linn,2021-07-21 12:35:44.880574,2021-03-21 00:00:00.000000,12.02425324,16.31972392,22.20524434,1433,1945,2646,1226,1695,2350,10.28930266,14.22521125,19.71930167,0.07464982,0.10740286,0.14806811
29115,0,USMissouriLinn,Missouri,Linn,2021-07-21 12:35:44.880574,2021-03-22 00:00:00.000000,10.86761529,15.02220254,20.93406166,1295,1790,2495,1108,1561,2218,9.30093037,13.10323127,18.61396534,0.07496248,0.10601607,0.14079153
29115,0,USMissouriLinn,Missouri,Linn,2021-07-21 12:35:44.880574,2021-03-23 00:00:00.000000,9.82917463,13.81235174,19.73082735,1171,1646,2351,995,1434,2095,8.35536327,12.03386750,17.58369476,0.07417356,0.10518372,0.13903442
29115,0,USMissouriLinn,Missouri,Linn,2021-07-21 12:35:44.880574,2021-03-24 00:00:00.000000,8.88432006,12.68373828,18.60117636,1059,1511,2217,902,1320,1980,7.56962520,11.08058191,16.61291835,0.07199868,0.10476206,0.13897659
29115,0,USMissouriLinn,Missouri,Linn,2021-07-21 12:35:44.880574,2021-03-25 00:00:00.000000,8.03650769,11.65590328,17.53787594,957,1389,2090,817,1219,1870,6.85977124,10.23296801,15.68928668,0.06976567,0.10279462,0.13847440
29115,0,USMissouriLinn,Missouri,Linn,2021-07-21 12:35:44.880574,2021-03-26 00:00:00.000000,7.26658991,10.76250687,16.53357289,866,1282,1970,740,1124,1764,6.21415765,9.43572376,14.80139715,0.06590897,0.10215784,0.13859019
29115,0,USMissouriLinn,Missouri,Linn,2021-07-21 12:35:44.880574,2021-03-27 00:00:00.000000,6.55111847,9.91897073,15.58187059,780,1182,1857,668,1035,1662,5.60496287,8.68374336,13.95113031,0.06255723,0.10213403,0.13314120
29115,0,USMissouriLinn,Missouri,Linn,2021-07-21 12:35:44.880574,2021-03-28 00:00:00.000000,5.90852718,9.13492360,14.67886866,704,1088,1749,602,954,1567,5.05699892,8.00831411,13.14602099,0.06105693,0.10171499,0.13488031
29115,0,USMissouriLinn,Missouri,Linn,2021-07-21 12:35:44.880574,2021-03-29 00:00:00.000000,5.33074186,8.42431093,13.78463773,635,1004,1643,543,880,1476,4.56375232,7.39077297,12.38804157,0.06059414,0.10190393,0.13470406
29115,0,USMissouriLinn,Missouri,Linn,2021-07-21 12:35:44.880574,2021-03-30 00:00:00.000000,4.81090791,7.79016662,12.93800676,573,928,1542,491,814,1391,4.11945746,6.83200816,11.67641367,0.06051771,0.10333628,0.13525183
29115,0,USMissouriLinn,Missouri,Linn,2021-07-21 12:35:44.880574,2021-03-31 00:00:00.000000,4.34294225,7.20790402,12.13863008,517,859,1446,443,753,1312,3.71915082,6.31863914,11.00730294,0.06065992,0.10468083,0.13555392
29115,0,USMissouriLinn,Missouri,Linn,2021-07-21 12:35:44.880574,2021-04-01 00:00:00.000000,3.92148856,6.67307864,11.38914908,467,795,1357,400,696,1237,3.35838256,5.84592992,10.37773589,0.06112225,0.10596328,0.13684834
29115,0,USMissouriLinn,Missouri,Linn,2021-07-21 12:35:44.880574,2021-04-02 00:00:00.000000,3.54181522,6.15489329,10.70956093,422,733,1276,361,643,1166,3.03317617,5.40165504,9.78501178,0.06218933,0.11009488,0.13788315
29115,0,USMissouriLinn,Missouri,Linn,2021-07-21 12:35:44.880574,2021-04-03 00:00:00.000000,3.19983500,5.68207350,10.09784005,381,677,1203,326,593,1099,2.73999349,4.98198229,9.22665523,0.06404457,0.11112847,0.14124767
29115,0,USMissouriLinn,Missouri,Linn,2021-07-21 12:35:44.880574,2021-04-04 00:00:00.000000,2.89235425,5.25411548,9.52172644,344,626,1134,295,548,1037,2.47575971,4.59796519,8.70048708,0.06474380,0.11180516,0.14810543
29115,0,USMissouriLinn,Missouri,Linn,2021-07-21 12:35:44.880574,2021-04-05 00:00:00.000000,2.62529480,4.87598804,8.98175294,312,581,1070,266,507,977,2.23806263,4.25727027,8.20467819,0.06491826,0.11264758,0.15485316
29115,0,USMissouriLinn,Missouri,Linn,2021-07-21 12:35:44.880574,2021-04-06 00:00:00.000000,2.39089980,4.52165215,8.47360656,284,538,1010,242,469,922,2.03135708,3.93972326,7.73988392,0.06489610,0.11199283,0.15702561
29115,0,USMissouriLinn,Missouri,Linn,2021-07-21 12:35:44.880574,2021-04-07 00:00:00.000000,2.18582965,4.19180918,7.99559082,260,499,953,220,434,870,1.85032544,3.64799110,7.30232389,0.06460083,0.11657939,0.16604910
29115,0,USMissouriLinn,Missouri,Linn,2021-07-21 12:35:44.880574,2021-04-08 00:00:00.000000,2.00326341,3.89467315,7.54573939,238,464,899,201,403,821,1.69135731,3.38203897,6.89035937,0.06406710,0.11872995,0.17730962
29115,0,USMissouriLinn,Missouri,Linn,2021-07-21 12:35:44.880574,2021-04-09 00:00:00.000000,1.83928091,3.63829030,7.12243822,219,433,848,184,374,775,1.54937985,3.13863716,6.50258768,0.06678050,0.12271321,0.18078840
29115,0,USMissouriLinn,Missouri,Linn,2021-07-21 12:35:44.880574,2021-04-10 00:00:00.000000,1.69076690,3.38112620,6.72415413,201,403,801,168,347,731,1.41502858,2.91601460,6.13764823,0.06683352,0.13092830,0.18082159
29115,0,USMissouriLinn,Missouri,Linn,2021-07-21 12:35:44.880574,2021-04-11 00:00:00.000000,1.53294382,3.12429306,6.34942368,182,372,756,154,324,690,1.29600374,2.72520187,5.79422827,0.06848962,0.13706368,0.19970380
29115,0,USMissouriLinn,Missouri,Linn,2021-07-21 12:35:44.880574,2021-04-12 00:00:00.000000,1.39269273,2.91406782,5.97659973,166,347,712,141,301,652,1.18413297,2.52579693,5.47107666,0.06847679,0.14052449,0.21233765
29115,0,USMissouriLinn,Missouri,Linn,2021-07-21 12:35:44.880574,2021-04-13 00:00:00.000000,1.26705823,2.72401791,5.62513360,151,324,670,128,280,613,1.07573307,2.35018931,5.14924006,0.06849130,0.14506656,0.21562419
29115,0,USMissouriLinn,Missouri,Linn,2021-07-21 12:35:44.880574,2021-04-14 00:00:00.000000,1.15456389,2.55008674,5.30189999,137,303,631,116,261,577,0.97863139,2.19667618,4.84591744,0.07783938,0.14925726,0.21978230
29115,0,USMissouriLinn,Missouri,Linn,2021-07-21 12:35:44.880574,2021-04-15 00:00:00.000000,1.05354399,2.40925668,5.01416210,125,287,597,106,245,544,0.89150503,2.06001641,4.56884949,0.08195248,0.15617949,0.22861744
29115,0,USMissouriLinn,Missouri,Linn,2021-07-21 12:35:44.880574,2021-04-16 00:00:00.000000,0.96263468,2.29987974,4.74598108,114,274,565,96,230,515,0.81321472,1.93450515,4.32213946,0.08199021,0.16530162,0.24491916
29115,0,USMissouriLinn,Missouri,Linn,2021-07-21 12:35:44.880574,2021-04-17 00:00:00.000000,0.88070943,2.20137298,4.49408069,104,262,535,88,219,487,0.74274051,1.84075735,4.09106408,0.08217984,0.17146470,0.27157047
29115,0,USMissouriLinn,Missouri,Linn,2021-07-21 12:35:44.880574,2021-04-18 00:00:00.000000,0.80683897,2.10271198,4.25604137,96,250,507,80,209,461,0.67922663,1.75944857,3.87252405,0.08311722,0.18276777,0.28417517
29115,0,USMissouriLinn,Missouri,Linn,2021-07-21 12:35:44.880574,2021-04-19 00:00:00.000000,0.76884687,2.00735250,4.05700302,91,239,483,74,200,436,0.62196576,1.68393909,3.66609830,0.08740502,0.19623128,0.29652050
29115,0,USMissouriLinn,Missouri,Linn,2021-07-21 12:35:44.880574,2021-04-20 00:00:00.000000,0.74534585,1.89857491,3.87149921,88,226,461,69,192,416,0.58304511,1.61621557,3.49394075,0.10063228,0.20804348,0.32504309
29115,0,USMissouriLinn,Missouri,Linn,2021-07-21 12:35:44.880574,2021-04-21 00:00:00.000000,0.72691645,1.81176895,3.69978304,86,215,441,67,182,397,0.56606390,1.53379358,3.33361852,0.10784355,0.22198031,0.34051721
29115,0,USMissouriLinn,Missouri,Linn,2021-07-21 12:35:44.880574,2021-04-22 00:00:00.000000,0.71015267,1.72294769,3.53826339,84,205,421,65,173,379,0.55088740,1.45685883,3.18305512,0.10931021,0.23035313,0.36050483
29115,0,USMissouriLinn,Missouri,Linn,2021-07-21 12:35:44.880574,2021-04-23 00:00:00.000000,0.69487958,1.63913017,3.38607918,82,195,403,64,164,362,0.53694591,1.38362714,3.04174207,0.11079836,0.23940432,0.39455310
29115,0,USMissouriLinn,Missouri,Linn,2021-07-21 12:35:44.880574,2021-04-24 00:00:00.000000,0.68203878,1.55650285,3.24258924,81,185,386,62,156,346,0.52440707,1.31575103,2.90895363,0.11243169,0.25014483,0.44080719
29115,0,USMissouriLinn,Missouri,Linn,2021-07-21 12:35:44.880574,2021-04-25 00:00:00.000000,0.67359777,1.48792166,3.13872129,80,177,374,61,149,331,0.51396500,1.25353361,2.78400578,0.11669191,0.27931890,0.47623961
29115,0,USMissouriLinn,Missouri,Linn,2021-07-21 12:35:44.880574,2021-04-26 00:00:00.000000,0.64348461,1.45236000,3.02899082,76,173,361,60,143,317,0.50705199,1.20797091,2.66676178,0.12812297,0.30777354,0.50043311
29115,0,USMissouriLinn,Missouri,Linn,2021-07-21 12:35:44.880574,2021-04-27 00:00:00.000000,0.61968219,1.40705418,3.00869698,73,167,358,57,139,304,0.48429393,1.16777649,2.55275398,0.14223916,0.32114665,0.52450749
29115,0,USMissouriLinn,Missouri,Linn,2021-07-21 12:35:44.880574,2021-04-28 00:00:00.000000,0.59784571,1.36488579,2.99228999,71,162,356,55,136,294,0.46456532,1.14175010,2.47236336,0.15368763,0.33269104,0.53488061
29115,0,USMissouriLinn,Missouri,Linn,2021-07-21 12:35:44.880574,2021-04-29 00:00:00.000000,0.58038408,1.32214134,2.97722143,69,157,354,53,131,292,0.44860162,1.10651930,2.45570060,0.16800391,0.34384413,0.53816845
29115,0,USMissouriLinn,Missouri,Linn,2021-07-21 12:35:44.880574,2021-04-30 00:00:00.000000,0.59110700,1.29281538,2.96503444,70,154,353,52,127,290,0.43886449,1.07055154,2.44080559,0.18460966,0.35499678,0.57678572
29115,0,USMissouriLinn,Missouri,Linn,2021-07-21 12:35:44.880574,2021-05-01 00:00:00.000000,0.60007889,1.26987200,2.95780206,71,151,352,53,124,289,0.44583945,1.04553489,2.42891061,0.21188056,0.37913868,0.61403887
29115,0,USMissouriLinn,Missouri,Linn,2021-07-21 12:35:44.880574,2021-05-02 00:00:00.000000,0.59779915,1.25948293,2.95770310,71,150,352,53,123,288,0.45266055,1.03191097,2.42148123,0.23766167,0.42925928,0.63206036
29115,0,USMissouriLinn,Missouri,Linn,2021-07-21 12:35:44.880574,2021-05-03 00:00:00.000000,0.59739919,1.23870131,2.95572607,71,147,352,54,121,288,0.45888859,1.01890822,2.42011092,0.24192409,0.45686754,0.66272544
29115,0,USMissouriLinn,Missouri,Linn,2021-07-21 12:35:44.880574,2021-05-04 00:00:00.000000,0.60805901,1.25520281,2.90493586,72,149,346,53,119,289,0.44937802,0.99892711,2.42638126,0.26143345,0.48417987,0.68556633
29115,0,USMissouriLinn,Missouri,Linn,2021-07-21 12:35:44.880574,2021-05-05 00:00:00.000000,0.62839383,1.26853488,2.86613878,74,151,341,54,119,289,0.45827674,0.99976995,2.42846512,0.27791663,0.51368544,0.71548558
29115,0,USMissouriLinn,Missouri,Linn,2021-07-21 12:35:44.880574,2021-05-06 00:00:00.000000,0.64736639,1.27289350,2.84420975,77,151,339,57,120,284,0.48136878,1.01271443,2.38990336,0.30579168,0.55010706,0.80070420
29115,0,USMissouriLinn,Missouri,Linn,2021-07-21 12:35:44.880574,2021-05-07 00:00:00.000000,0.67701466,1.29811909,2.84197727,80,154,338,59,121,281,0.49547902,1.01765398,2.36444404,0.31059969,0.59262015,0.88592694
29115,0,USMissouriLinn,Missouri,Linn,2021-07-21 12:35:44.880574,2021-05-08 00:00:00.000000,0.71908855,1.34771529,2.85274967,85,160,340,61,122,280,0.51803656,1.02405317,2.35464862,0.32808060,0.62089189,0.93614305
29115,0,USMissouriLinn,Missouri,Linn,2021-07-21 12:35:44.880574,2021-05-09 00:00:00.000000,0.73941106,1.38531832,2.86839920,88,165,341,65,124,280,0.55029899,1.04564954,2.35644026,0.38620704,0.67463813,0.96299338
29115,0,USMissouriLinn,Missouri,Linn,2021-07-21 12:35:44.880574,2021-05-10 00:00:00.000000,0.75081614,1.42695876,2.87004027,89,170,342,70,131,281,0.59110196,1.10051356,2.36356284,0.42874892,0.68875474,0.96970581
29115,0,USMissouriLinn,Missouri,Linn,2021-07-21 12:35:44.880574,2021-05-11 00:00:00.000000,0.81485603,1.49794024,2.86826887,97,178,341,71,135,281,0.60298649,1.13500997,2.36280930,0.44837464,0.73046033,1.02652583
29115,0,USMissouriLinn,Missouri,Linn,2021-07-21 12:35:44.880574,2021-05-12 00:00:00.000000,0.84716989,1.60276882,2.86375533,100,191,341,75,140,281,0.63114544,1.17687546,2.35993426,0.45939385,0.75215298,1.02877379
29115,0,USMissouriLinn,Missouri,Linn,2021-07-21 12:35:44.880574,2021-05-13 00:00:00.000000,0.88792812,1.68112280,2.98119060,105,200,355,80,150,280,0.67698600,1.26458197,2.35634406,0.47315931,0.79183691,1.07986100
29115,0,USMissouriLinn,Missouri,Linn,2021-07-21 12:35:44.880574,2021-05-14 00:00:00.000000,0.95953084,1.74909970,3.16890555,114,208,377,84,157,285,0.70931503,1.32177629,2.39597899,0.56295843,0.80942228,1.11982006
29115,0,USMissouriLinn,Missouri,Linn,2021-07-21 12:35:44.880574,2021-05-15 00:00:00.000000,1.05790477,1.83035446,3.35901155,126,218,400,89,164,303,0.75071756,1.37633310,2.54545716,0.62573013,0.85033082,1.14428208
29115,0,USMissouriLinn,Missouri,Linn,2021-07-21 12:35:44.880574,2021-05-16 00:00:00.000000,1.14721101,1.90523530,3.50650133,136,227,417,96,169,321,0.81017142,1.42160640,2.69732763,0.70210233,0.89151067,1.15552434
29115,0,USMissouriLinn,Missouri,Linn,2021-07-21 12:35:44.880574,2021-05-17 00:00:00.000000,1.27778213,2.00443496,3.66127921,152,238,436,104,176,339,0.87322023,1.47707092,2.85124211,0.72897246,0.92574727,1.19677109
29115,0,USMissouriLinn,Missouri,Linn,2021-07-21 12:35:44.880574,2021-05-18 00:00:00.000000,1.41070568,2.13264832,3.83246936,168,254,456,115,186,355,0.96584684,1.56696942,2.98637354,0.74965606,0.94274859,1.21545461
29115,0,USMissouriLinn,Missouri,Linn,2021-07-21 12:35:44.880574,2021-05-19 00:00:00.000000,1.55472905,2.30077821,4.02196895,185,274,479,127,201,372,1.06837514,1.68963169,3.12301999,0.78776645,0.95205980,1.25479397
29115,0,USMissouriLinn,Missouri,Linn,2021-07-21 12:35:44.880574,2021-05-20 00:00:00.000000,1.66583205,2.45526445,4.22679852,198,292,503,140,216,388,1.17555783,1.81445113,3.25914766,0.81114261,0.95611998,1.27269564
29115,0,USMissouriLinn,Missouri,Linn,2021-07-21 12:35:44.880574,2021-05-21 00:00:00.000000,1.74233783,2.58817084,4.39155186,207,308,523,150,229,404,1.26424431,1.92129243,3.39395201,0.83007025,0.95963191,1.27748646
29115,0,USMissouriLinn,Missouri,Linn,2021-07-21 12:35:44.880574,2021-05-22 00:00:00.000000,1.85054090,2.73474050,4.55044239,220,325,542,162,243,420,1.36396148,2.03896798,3.52525109,0.84149519,0.96832994,1.28072352
29115,0,USMissouriLinn,Missouri,Linn,2021-07-21 12:35:44.880574,2021-05-23 00:00:00.000000,2.01923982,2.91237572,4.70483131,240,347,560,176,254,435,1.48468954,2.13895829,3.65384231,0.86581899,0.97907013,1.28045416
29115,0,USMissouriLinn,Missouri,Linn,2021-07-21 12:35:44.880574,2021-05-24 00:00:00.000000,2.13508835,3.01578349,4.80135282,254,359,572,188,266,450,1.58426064,2.23408925,3.77877297,0.87964586,0.96956574,1.30559559
29115,0,USMissouriLinn,Missouri,Linn,2021-07-21 12:35:44.880574,2021-05-25 00:00:00.000000,2.25888062,3.15366165,4.89153308,269,375,583,201,279,459,1.68886193,2.34228255,3.85421464,0.88122332,0.98524141,1.29220493
29115,0,USMissouriLinn,Missouri,Linn,2021-07-21 12:35:44.880574,2021-05-26 00:00:00.000000,2.37829673,3.28658272,4.96762795,283,391,592,214,291,467,1.79540331,2.44639835,3.92589904,0.86700998,0.98597501,1.28451713
29115,0,USMissouriLinn,Missouri,Linn,2021-07-21 12:35:44.880574,2021-05-27 00:00:00.000000,2.49709293,3.42718600,5.03736834,297,408,600,222,303,475,1.87005196,2.54769066,3.99156602,0.86177117,0.98587885,1.28458659
29115,0,USMissouriLinn,Missouri,Linn,2021-07-21 12:35:44.880574,2021-05-28 00:00:00.000000,2.62021029,3.57715303,5.17386967,312,426,616,231,317,482,1.94496942,2.66721312,4.05078275,0.85032649,0.98810096,1.28272641
29115,0,USMissouriLinn,Missouri,Linn,2021-07-21 12:35:44.880574,2021-05-29 00:00:00.000000,2.74527036,3.67368393,5.28589566,327,437,630,240,333,495,2.02005946,2.80039653,4.15692373,0.82698209,0.97232164,1.27644888
29115,0,USMissouriLinn,Missouri,Linn,2021-07-21 12:35:44.880574,2021-05-30 00:00:00.000000,2.85517276,3.78832113,5.41377024,340,451,645,250,349,507,2.10308093,2.93313788,4.25539645,0.80532048,0.95836653,1.26232179
29115,0,USMissouriLinn,Missouri,Linn,2021-07-21 12:35:44.880574,2021-05-31 00:00:00.000000,2.96607553,3.87874661,5.60255975,353,462,667,260,354,515,2.18811351,2.97793349,4.32686658,0.79314809,0.95812287,1.27688453
29115,0,USMissouriLinn,Missouri,Linn,2021-07-21 12:35:44.880574,2021-06-01 00:00:00.000000,3.01638957,3.96114962,5.75433073,359,472,685,267,364,522,2.24193678,3.05390655,4.38170771,0.76483154,0.95953281,1.28084716
29115,0,USMissouriLinn,Missouri,Linn,2021-07-21 12:35:44.880574,2021-06-02 00:00:00.000000,3.06127090,4.04827549,5.85346582,364,482,697,273,372,533,2.29328795,3.12866197,4.47735760,0.77093511,0.94985918,1.23573339
29115,0,USMissouriLinn,Missouri,Linn,2021-07-21 12:35:44.880574,2021-06-03 00:00:00.000000,3.10297727,4.12245369,5.93583004,369,491,707,279,381,552,2.34230477,3.19760108,4.63176492,0.78584391,0.94479933,1.23104328
29115,0,USMissouriLinn,Missouri,Linn,2021-07-21 12:35:44.880574,2021-06-04 00:00:00.000000,3.14504124,4.17153623,6.00434134,374,497,715,284,389,569,2.38878579,3.26912994,4.78009699,0.78394555,0.94036267,1.22148914
29115,0,USMissouriLinn,Missouri,Linn,2021-07-21 12:35:44.880574,2021-06-05 00:00:00.000000,3.19729513,4.24133380,6.08351175,381,505,725,289,395,586,2.43253206,3.31833227,4.92147887,0.76231405,0.92682135,1.21943883
29115,0,USMissouriLinn,Missouri,Linn,2021-07-21 12:35:44.880574,2021-06-06 00:00:00.000000,3.24555774,4.29427034,6.23245757,386,511,742,294,400,602,2.47335316,3.36217206,5.05506946,0.74574809,0.89904324,1.20474396
29115,0,USMissouriLinn,Missouri,Linn,2021-07-21 12:35:44.880574,2021-06-07 00:00:00.000000,3.29795953,4.31256465,6.33647479,393,514,755,299,404,617,2.51098755,3.39174774,5.18002288,0.69750824,0.90733346,1.13809710
29115,0,USMissouriLinn,Missouri,Linn,2021-07-21 12:35:44.880574,2021-06-08 00:00:00.000000,3.34804132,4.33830317,6.42766866,399,517,766,300,409,627,2.52134236,3.43226041,5.26700520,0.62412010,0.88695977,1.13877924
29115,0,USMissouriLinn,Missouri,Linn,2021-07-21 12:35:44.880574,2021-06-09 00:00:00.000000,3.32836839,4.37319019,6.50177809,396,521,775,303,414,636,2.54209816,3.47747722,5.34353756,0.59854041,0.85461290,1.13945368
29115,0,USMissouriLinn,Missouri,Linn,2021-07-21 12:35:44.880574,2021-06-10 00:00:00.000000,3.30354814,4.35963598,6.51282277,393,519,776,301,419,643,2.52587271,3.52041350,5.39509343,0.58125201,0.83200173,1.13891193
29115,0,USMissouriLinn,Missouri,Linn,2021-07-21 12:35:44.880574,2021-06-11 00:00:00.000000,3.27717181,4.35494098,6.44159281,390,519,767,295,420,642,2.47968292,3.52523325,5.38906965,0.51027498,0.78237156,1.13346916
29115,0,USMissouriLinn,Missouri,Linn,2021-07-21 12:35:44.880574,2021-06-12 00:00:00.000000,3.24618856,4.37495510,6.32100992,386,521,753,293,414,638,2.45898403,3.47830325,5.35993396,0.48588858,0.71610813,1.12616707
29115,0,USMissouriLinn,Missouri,Linn,2021-07-21 12:35:44.880574,2021-06-13 00:00:00.000000,3.18740747,4.33270729,6.18217835,379,516,736,290,411,627,2.43566198,3.45285985,5.26229442,0.45117411,0.69164159,1.11707396
29115,0,USMissouriLinn,Missouri,Linn,2021-07-21 12:35:44.880574,2021-06-14 00:00:00.000000,3.05446582,4.27526883,6.17659716,364,509,736,286,406,616,2.40583021,3.40645465,5.16916814,0.43754921,0.66151285,1.10624645
29115,0,USMissouriLinn,Missouri,Linn,2021-07-21 12:35:44.880574,2021-06-15 00:00:00.000000,2.93208482,4.14378113,6.17884482,349,493,736,279,401,619,2.34527475,3.37109702,5.19891475,0.43477065,0.63480158,1.09365456
29115,0,USMissouriLinn,Missouri,Linn,2021-07-21 12:35:44.880574,2021-06-16 00:00:00.000000,2.79726529,4.10186286,6.09986230,333,488,727,268,391,609,2.24862421,3.28651255,5.11253727,0.42618931,0.61497518,1.07827425
29115,0,USMissouriLinn,Missouri,Linn,2021-07-21 12:35:44.880574,2021-06-17 00:00:00.000000,2.64456656,3.92442453,5.92221984,315,467,705,255,382,596,2.14412259,3.21305076,5.00074046,0.42544662,0.58785512,1.05652271
29115,0,USMissouriLinn,Missouri,Linn,2021-07-21 12:35:44.880574,2021-06-18 00:00:00.000000,2.53102849,3.72234548,5.73386446,301,443,683,242,371,580,2.03796114,3.11381003,4.86615106,0.40408013,0.56185329,1.02181165
29115,0,USMissouriLinn,Missouri,Linn,2021-07-21 12:35:44.880574,2021-06-19 00:00:00.000000,2.40377807,3.56859915,5.54504691,286,425,660,232,353,562,1.95039831,2.96551269,4.72076683,0.37795066,0.54058857,1.01683317
29115,0,USMissouriLinn,Missouri,Linn,2021-07-21 12:35:44.880574,2021-06-20 00:00:00.000000,2.29199005,3.42113136,5.35959875,273,407,638,219,339,545,1.84336782,2.84441150,4.57367350,0.31640135,0.52859744,1.02667797
29115,0,USMissouriLinn,Missouri,Linn,2021-07-21 12:35:44.880574,2021-06-21 00:00:00.000000,2.17358843,3.28543015,5.18075514,259,391,617,207,324,527,1.74320348,2.71852302,4.42824269,0.30659686,0.50794195,1.03519511
29115,0,USMissouriLinn,Missouri,Linn,2021-07-21 12:35:44.880574,2021-06-22 00:00:00.000000,2.02843500,3.13597795,5.00731629,241,373,596,194,309,510,1.63467183,2.59664765,4.28659177,0.30122581,0.49415313,1.04160670
29115,0,USMissouriLinn,Missouri,Linn,2021-07-21 12:35:44.880574,2021-06-23 00:00:00.000000,1.88665365,3.02789311,4.83858113,224,360,576,181,297,494,1.52549236,2.49740708,4.14793661,0.29429497,0.47271920,1.04617705
29115,0,USMissouriLinn,Missouri,Linn,2021-07-21 12:35:44.880574,2021-06-24 00:00:00.000000,1.75327566,2.88740712,4.67310116,208,344,557,170,286,478,1.42890302,2.40340324,4.01136106,0.28271266,0.46834404,1.04969659
29115,0,USMissouriLinn,Missouri,Linn,2021-07-21 12:35:44.880574,2021-06-25 00:00:00.000000,1.62955864,2.74436422,4.56461147,194,327,544,159,272,462,1.33711772,2.28736730,3.87662525,0.28018608,0.46561159,1.05300942
29115,0,USMissouriLinn,Missouri,Linn,2021-07-21 12:35:44.880574,2021-06-26 00:00:00.000000,1.51537599,2.62251296,4.47894544,180,312,533,148,259,446,1.24947759,2.17668216,3.74280094,0.26367985,0.45577469,1.05474490
29115,0,USMissouriLinn,Missouri,Linn,2021-07-21 12:35:44.880574,2021-06-27 00:00:00.000000,1.40984529,2.49492195,4.39048762,168,297,523,139,246,434,1.16637712,2.06949210,3.64778787,0.25423505,0.44676139,1.05331428
29115,0,USMissouriLinn,Missouri,Linn,2021-07-21 12:35:44.880574,2021-06-28 00:00:00.000000,1.34412975,2.35489758,4.30037505,160,280,512,129,234,426,1.08854975,1.96734202,3.57735351,0.24915665,0.44029310,1.04665973
29115,0,USMissouriLinn,Missouri,Linn,2021-07-21 12:35:44.880574,2021-06-29 00:00:00.000000,1.28514830,2.25203197,4.20814902,153,268,501,121,222,417,1.01562775,1.86559771,3.50541807,0.24650357,0.43538083,1.01043321
29115,0,USMissouriLinn,Missouri,Linn,2021-07-21 12:35:44.880574,2021-06-30 00:00:00.000000,1.23446822,2.13174563,4.11433357,147,254,490,115,211,409,0.97147722,1.77160527,3.43172892,0.24537844,0.40819596,1.00541264
29115,0,USMissouriLinn,Missouri,Linn,2021-07-21 12:35:44.880574,2021-07-01 00:00:00.000000,1.18776662,2.03049880,4.01929450,141,242,479,111,201,400,0.93246780,1.69151707,3.35657355,0.24460952,0.39854467,1.00563807
29115,0,USMissouriLinn,Missouri,Linn,2021-07-21 12:35:44.880574,2021-07-02 00:00:00.000000,1.14440977,1.92977183,3.91372276,136,230,466,106,191,391,0.89630813,1.60724888,3.28031255,0.24471628,0.39159079,1.00640878
29115,0,USMissouriLinn,Missouri,Linn,2021-07-21 12:35:44.880574,2021-07-03 00:00:00.000000,1.09254148,1.83300708,3.76302908,130,218,448,102,182,381,0.86285401,1.53234498,3.20252420,0.24778484,0.39072500,1.01139456
29115,0,USMissouriLinn,Missouri,Linn,2021-07-21 12:35:44.880574,2021-07-04 00:00:00.000000,1.01790581,1.73972968,3.57173900,121,207,425,97,174,372,0.82140955,1.46077967,3.12393774,0.24883420,0.38868357,1.02453768
29115,0,USMissouriLinn,Missouri,Linn,2021-07-21 12:35:44.880574,2021-07-05 00:00:00.000000,0.93515224,1.65810555,3.40433120,111,197,405,91,165,362,0.76562857,1.39254646,3.04523296,0.23810386,0.38872356,1.04934175
29115,0,USMissouriLinn,Missouri,Linn,2021-07-21 12:35:44.880574,2021-07-06 00:00:00.000000,0.85833618,1.60107187,3.24824615,102,190,387,83,158,347,0.70227369,1.32776156,2.91255127,0.23423920,0.38851266,1.08073251
29115,0,USMissouriLinn,Missouri,Linn,2021-07-21 12:35:44.880574,2021-07-07 00:00:00.000000,0.78628478,1.54422488,3.10253157,93,184,369,76,150,331,0.64348849,1.26667905,2.78174109,0.22957518,0.38453791,1.10579519
29115,0,USMissouriLinn,Missouri,Linn,2021-07-21 12:35:44.880574,2021-07-08 00:00:00.000000,0.72060235,1.47490167,2.96489734,85,175,353,70,145,316,0.58985483,1.22306882,2.65786650,0.21495230,0.38883884,1.12034235
29115,0,USMissouriLinn,Missouri,Linn,2021-07-21 12:35:44.880574,2021-07-09 00:00:00.000000,0.66083473,1.40911878,2.83471209,78,167,337,64,140,302,0.54097481,1.17516932,2.54044439,0.19944283,0.38091729,1.12966357
29115,0,USMissouriLinn,Missouri,Linn,2021-07-21 12:35:44.880574,2021-07-10 00:00:00.000000,0.60643303,1.34661084,2.71164684,72,160,323,59,134,289,0.49640975,1.12972218,2.42915571,0.18729378,0.37856459,1.14044497
29115,0,USMissouriLinn,Missouri,Linn,2021-07-21 12:35:44.880574,2021-07-11 00:00:00.000000,0.55691757,1.28797524,2.59556871,66,153,309,54,129,276,0.45577429,1.08820907,2.32379057,0.18052851,0.38058319,1.15735229
29115,0,USMissouriLinn,Missouri,Linn,2021-07-21 12:35:44.880574,2021-07-12 00:00:00.000000,0.53527318,1.23483936,2.47453928,63,147,294,49,124,265,0.41873865,1.04188985,2.22427580,0.17747001,0.38436169,1.17859855
29115,0,USMissouriLinn,Missouri,Linn,2021-07-21 12:35:44.880574,2021-07-13 00:00:00.000000,0.51771525,1.17629674,2.39715281,61,140,285,48,117,252,0.40484328,0.98677508,2.11471535,0.17617387,0.38531841,1.19627313
29115,0,USMissouriLinn,Missouri,Linn,2021-07-21 12:35:44.880574,2021-07-14 00:00:00.000000,0.50488597,1.11042998,2.32038584,60,132,276,46,111,239,0.39370686,0.93767582,2.01122625,0.17556913,0.38679027,1.20682475
29115,0,USMissouriLinn,Missouri,Linn,2021-07-21 12:35:44.880574,2021-07-15 00:00:00.000000,0.49311257,1.05041948,2.24547459,58,125,267,45,105,229,0.38348322,0.88699650,1.92371316,0.17516359,0.38757358,1.21355728
29115,0,USMissouriLinn,Missouri,Linn,2021-07-21 12:35:44.880574,2021-07-16 00:00:00.000000,0.48210583,1.01543827,2.17254208,57,121,258,44,100,222,0.37400611,0.84667735,1.86270018,0.17469002,0.38595083,1.22601497
29115,0,USMissouriLinn,Missouri,Linn,2021-07-21 12:35:44.880574,2021-07-17 00:00:00.000000,0.44673400,0.96648974,2.10154780,53,115,250,43,97,214,0.36524597,0.81977639,1.80290751,0.17390149,0.37784197,1.27089117
29115,0,USMissouriLinn,Missouri,Linn,2021-07-21 12:35:44.880574,2021-07-18 00:00:00.000000,0.41113309,0.94149165,2.03244250,49,112,242,41,92,207,0.34535589,0.78000002,1.74455955,0.17248861,0.38018202,1.35173589
29115,0,USMissouriLinn,Missouri,Linn,2021-07-21 12:35:44.880574,2021-07-19 00:00:00.000000,0.37321059,0.89708715,1.96016002,44,106,233,37,88,201,0.31797865,0.74335538,1.68765417,0.17021152,0.37983859,1.39417554
29115,0,USMissouriLinn,Missouri,Linn,2021-07-21 12:35:44.880574,2021-07-20 00:00:00.000000,0.33806314,0.84315332,1.88969960,40,100,225,34,85,194,0.28905616,0.71481340,1.62840221,0.16731588,0.37677692,1.40313895
29115,0,USMissouriLinn,Missouri,Linn,2021-07-21 12:35:44.880574,2021-07-21 00:00:00.000000,0.30559285,0.79369813,1.82081822,36,94,217,31,80,187,0.26189867,0.67273597,1.57020283,0.16462225,0.37594806,1.40414648
29115,0,USMissouriLinn,Missouri,Linn,2021-07-21 12:35:44.880574,2021-07-22 00:00:00.000000,0.27628127,0.75172444,1.75403544,32,89,209,28,75,180,0.23714656,0.63583604,1.51359193,0.16276022,0.38517013,1.40404769
29115,0,USMissouriLinn,Missouri,Linn,2021-07-21 12:35:44.880574,2021-07-23 00:00:00.000000,0.24993574,0.70829769,1.68935776,29,84,201,25,71,173,0.21476084,0.60032556,1.45862701,0.16171698,0.39317612,1.40392552
29115,0,USMissouriLinn,Missouri,Linn,2021-07-21 12:35:44.880574,2021-07-24 00:00:00.000000,0.22624089,0.66845253,1.62672334,26,79,193,23,67,167,0.19454326,0.56677857,1.40528968,0.16119523,0.39311349,1.40386530
29115,0,USMissouriLinn,Missouri,Linn,2021-07-21 12:35:44.880574,2021-07-25 00:00:00.000000,0.20489329,0.63042880,1.56607118,24,75,186,21,64,161,0.17627628,0.53785878,1.35355234,0.16094515,0.39307818,1.40384043
29115,0,USMissouriLinn,Missouri,Linn,2021-07-21 12:35:44.880574,2021-07-26 00:00:00.000000,0.18562830,0.59303472,1.50734850,22,70,179,19,60,155,0.15975866,0.50552860,1.30338802,0.16082489,0.39305852,1.40383082
29115,0,USMissouriLinn,Missouri,Linn,2021-07-21 12:35:44.880574,2021-07-27 00:00:00.000000,0.16821940,0.56068622,1.45050892,20,66,172,17,56,149,0.14481181,0.47633403,1.25477085,0.16076499,0.39304766,1.40382724
29115,0,USMissouriLinn,Missouri,Linn,2021-07-21 12:35:44.880574,2021-07-28 00:00:00.000000,0.15247689,0.52804657,1.39551009,18,62,166,15,53,143,0.13127841,0.44883845,1.20767536,0.16073338,0.39304167,1.40382594
29115,0,USMissouriLinn,Missouri,Linn,2021-07-21 12:35:44.880574,2021-07-29 00:00:00.000000,0.13823984,0.49900050,1.34231196,16,59,160,14,50,138,0.11901942,0.42271405,1.16207579,0.16071545,0.39303839,1.40382548
29115,0,USMissouriLinn,Missouri,Linn,2021-07-21 12:35:44.880574,2021-07-30 00:00:00.000000,0.12534351,0.46998637,1.29087558,14,56,153,12,47,133,0.10791131,0.39682532,1.11794575,0.16070887,0.39303658,1.40382533
29115,0,USMissouriLinn,Missouri,Linn,2021-07-21 12:35:44.880574,2021-07-31 00:00:00.000000,0.11365747,0.44245907,1.24116240,13,52,147,11,44,128,0.09784379,0.37252304,1.07525800,0.16070755,0.39303559,1.40382528
29115,0,USMissouriLinn,Missouri,Linn,2021-07-21 12:35:44.880574,2021-08-01 00:00:00.000000,0.10306549,0.41641783,1.19313383,12,49,142,10,41,123,0.08871962,0.35086111,1.03398435,0.16070702,0.39303505,1.40382527
29115,0,USMissouriLinn,Missouri,Linn,2021-07-21 12:35:44.880574,2021-08-02 00:00:00.000000,0.09346348,0.39164186,1.14675105,11,46,136,9,39,118,0.08045649,0.33173152,0.99409571,0.16070681,0.39303475,1.40382527
>>>>>>> 73f49375a508e71b2c40c35408c56573bf8ffcc8
